id	chrom	len	cumul
scaff_group_001	CAKOES020000001.1	341696	341696
scaff_group_001	CAKOES020000002.1	256741	598437
scaff_group_001	CAKOES020000003.1	218957	817394
scaff_group_001	CAKOES020000004.1	206630	1024024
scaff_group_001	CAKOES020000005.1	193683	1217707
scaff_group_001	CAKOES020000006.1	178684	1396391
scaff_group_001	CAKOES020000007.1	161191	1557582
scaff_group_001	CAKOES020000008.1	146213	1703795
scaff_group_001	CAKOES020000009.1	139305	1843100
scaff_group_001	CAKOES020000010.1	137949	1981049
scaff_group_002	CAKOES020000011.1	127821	2108870
scaff_group_002	CAKOES020000012.1	127801	2236671
scaff_group_002	CAKOES020000013.1	124853	2361524
scaff_group_002	CAKOES020000014.1	116132	2477656
scaff_group_002	CAKOES020000015.1	109475	2587131
scaff_group_002	CAKOES020000016.1	108616	2695747
scaff_group_002	CAKOES020000017.1	107957	2803704
scaff_group_002	CAKOES020000018.1	102726	2906430
scaff_group_002	CAKOES020000019.1	101135	3007565
scaff_group_002	CAKOES020000020.1	101116	3108681
scaff_group_002	CAKOES020000021.1	99168	3207849
scaff_group_002	CAKOES020000022.1	98387	3306236
scaff_group_002	CAKOES020000023.1	97316	3403552
scaff_group_002	CAKOES020000024.1	94512	3498064
scaff_group_002	CAKOES020000025.1	94420	3592484
scaff_group_002	CAKOES020000026.1	94325	3686809
scaff_group_002	CAKOES020000027.1	93799	3780608
scaff_group_002	CAKOES020000028.1	92751	3873359
scaff_group_002	CAKOES020000029.1	90313	3963672
scaff_group_003	CAKOES020000030.1	90005	4053677
scaff_group_003	CAKOES020000031.1	89358	4143035
scaff_group_003	CAKOES020000032.1	87986	4231021
scaff_group_003	CAKOES020000033.1	86198	4317219
scaff_group_003	CAKOES020000034.1	85886	4403105
scaff_group_003	CAKOES020000035.1	83075	4486180
scaff_group_003	CAKOES020000036.1	81906	4568086
scaff_group_003	CAKOES020000037.1	81845	4649931
scaff_group_003	CAKOES020000038.1	81097	4731028
scaff_group_003	CAKOES020000039.1	80939	4811967
scaff_group_003	CAKOES020000040.1	80736	4892703
scaff_group_003	CAKOES020000041.1	80283	4972986
scaff_group_003	CAKOES020000042.1	79961	5052947
scaff_group_003	CAKOES020000043.1	79674	5132621
scaff_group_003	CAKOES020000044.1	78062	5210683
scaff_group_003	CAKOES020000045.1	76110	5286793
scaff_group_003	CAKOES020000046.1	76087	5362880
scaff_group_003	CAKOES020000047.1	76047	5438927
scaff_group_003	CAKOES020000048.1	75123	5514050
scaff_group_003	CAKOES020000049.1	75069	5589119
scaff_group_003	CAKOES020000050.1	74847	5663966
scaff_group_003	CAKOES020000051.1	74777	5738743
scaff_group_003	CAKOES020000052.1	74507	5813250
scaff_group_003	CAKOES020000053.1	73573	5886823
scaff_group_003	CAKOES020000054.1	73083	5959906
scaff_group_004	CAKOES020000055.1	72627	6032533
scaff_group_004	CAKOES020000056.1	72537	6105070
scaff_group_004	CAKOES020000057.1	71460	6176530
scaff_group_004	CAKOES020000058.1	69755	6246285
scaff_group_004	CAKOES020000059.1	68959	6315244
scaff_group_004	CAKOES020000060.1	68294	6383538
scaff_group_004	CAKOES020000061.1	67811	6451349
scaff_group_004	CAKOES020000062.1	67270	6518619
scaff_group_004	CAKOES020000063.1	66910	6585529
scaff_group_004	CAKOES020000064.1	66408	6651937
scaff_group_004	CAKOES020000065.1	66298	6718235
scaff_group_004	CAKOES020000066.1	66250	6784485
scaff_group_004	CAKOES020000067.1	65366	6849851
scaff_group_004	CAKOES020000068.1	64904	6914755
scaff_group_004	CAKOES020000069.1	64497	6979252
scaff_group_004	CAKOES020000070.1	64003	7043255
scaff_group_004	CAKOES020000071.1	63018	7106273
scaff_group_004	CAKOES020000072.1	62921	7169194
scaff_group_004	CAKOES020000073.1	62700	7231894
scaff_group_004	CAKOES020000074.1	62101	7293995
scaff_group_004	CAKOES020000075.1	61846	7355841
scaff_group_004	CAKOES020000076.1	61662	7417503
scaff_group_004	CAKOES020000077.1	61539	7479042
scaff_group_004	CAKOES020000078.1	61443	7540485
scaff_group_004	CAKOES020000079.1	61351	7601836
scaff_group_004	CAKOES020000080.1	60974	7662810
scaff_group_004	CAKOES020000081.1	60813	7723623
scaff_group_004	CAKOES020000082.1	60764	7784387
scaff_group_004	CAKOES020000083.1	60688	7845075
scaff_group_004	CAKOES020000084.1	60154	7905229
scaff_group_004	CAKOES020000085.1	60083	7965312
scaff_group_005	CAKOES020000086.1	59852	8025164
scaff_group_005	CAKOES020000087.1	59664	8084828
scaff_group_005	CAKOES020000088.1	59448	8144276
scaff_group_005	CAKOES020000089.1	59188	8203464
scaff_group_005	CAKOES020000090.1	58567	8262031
scaff_group_005	CAKOES020000091.1	58421	8320452
scaff_group_005	CAKOES020000092.1	58025	8378477
scaff_group_005	CAKOES020000093.1	57732	8436209
scaff_group_005	CAKOES020000094.1	57248	8493457
scaff_group_005	CAKOES020000095.1	56804	8550261
scaff_group_005	CAKOES020000096.1	56176	8606437
scaff_group_005	CAKOES020000097.1	56010	8662447
scaff_group_005	CAKOES020000098.1	55932	8718379
scaff_group_005	CAKOES020000099.1	55669	8774048
scaff_group_005	CAKOES020000100.1	55291	8829339
scaff_group_005	CAKOES020000101.1	54956	8884295
scaff_group_005	CAKOES020000102.1	54795	8939090
scaff_group_005	CAKOES020000103.1	54660	8993750
scaff_group_005	CAKOES020000104.1	54465	9048215
scaff_group_005	CAKOES020000105.1	54039	9102254
scaff_group_005	CAKOES020000106.1	54028	9156282
scaff_group_005	CAKOES020000107.1	53979	9210261
scaff_group_005	CAKOES020000108.1	53729	9263990
scaff_group_005	CAKOES020000109.1	53656	9317646
scaff_group_005	CAKOES020000110.1	53577	9371223
scaff_group_005	CAKOES020000111.1	53517	9424740
scaff_group_005	CAKOES020000112.1	53195	9477935
scaff_group_005	CAKOES020000113.1	52778	9530713
scaff_group_005	CAKOES020000114.1	52349	9583062
scaff_group_005	CAKOES020000115.1	52246	9635308
scaff_group_005	CAKOES020000116.1	52240	9687548
scaff_group_005	CAKOES020000117.1	52205	9739753
scaff_group_005	CAKOES020000118.1	51791	9791544
scaff_group_005	CAKOES020000119.1	51282	9842826
scaff_group_005	CAKOES020000120.1	51072	9893898
scaff_group_005	CAKOES020000121.1	50803	9944701
scaff_group_005	CAKOES020000122.1	50757	9995458
scaff_group_006	CAKOES020000123.1	50661	10046119
scaff_group_006	CAKOES020000124.1	50603	10096722
scaff_group_006	CAKOES020000125.1	50575	10147297
scaff_group_006	CAKOES020000126.1	50309	10197606
scaff_group_006	CAKOES020000127.1	49874	10247480
scaff_group_006	CAKOES020000128.1	49543	10297023
scaff_group_006	CAKOES020000129.1	49421	10346444
scaff_group_006	CAKOES020000130.1	49281	10395725
scaff_group_006	CAKOES020000131.1	48891	10444616
scaff_group_006	CAKOES020000132.1	48754	10493370
scaff_group_006	CAKOES020000133.1	48354	10541724
scaff_group_006	CAKOES020000134.1	48245	10589969
scaff_group_006	CAKOES020000135.1	48231	10638200
scaff_group_006	CAKOES020000136.1	48134	10686334
scaff_group_006	CAKOES020000137.1	47980	10734314
scaff_group_006	CAKOES020000138.1	47699	10782013
scaff_group_006	CAKOES020000139.1	47692	10829705
scaff_group_006	CAKOES020000140.1	47689	10877394
scaff_group_006	CAKOES020000141.1	47570	10924964
scaff_group_006	CAKOES020000142.1	47477	10972441
scaff_group_006	CAKOES020000143.1	47360	11019801
scaff_group_006	CAKOES020000144.1	47351	11067152
scaff_group_006	CAKOES020000145.1	47311	11114463
scaff_group_006	CAKOES020000146.1	47204	11161667
scaff_group_006	CAKOES020000147.1	46968	11208635
scaff_group_006	CAKOES020000148.1	46923	11255558
scaff_group_006	CAKOES020000149.1	46800	11302358
scaff_group_006	CAKOES020000150.1	46771	11349129
scaff_group_006	CAKOES020000151.1	46727	11395856
scaff_group_006	CAKOES020000152.1	46605	11442461
scaff_group_006	CAKOES020000153.1	46383	11488844
scaff_group_006	CAKOES020000154.1	46145	11534989
scaff_group_006	CAKOES020000155.1	45969	11580958
scaff_group_006	CAKOES020000156.1	45641	11626599
scaff_group_006	CAKOES020000157.1	45474	11672073
scaff_group_006	CAKOES020000158.1	45226	11717299
scaff_group_006	CAKOES020000159.1	45225	11762524
scaff_group_006	CAKOES020000160.1	45078	11807602
scaff_group_006	CAKOES020000161.1	45000	11852602
scaff_group_006	CAKOES020000162.1	44946	11897548
scaff_group_006	CAKOES020000163.1	44765	11942313
scaff_group_006	CAKOES020000164.1	44546	11986859
scaff_group_007	CAKOES020000165.1	44542	12031401
scaff_group_007	CAKOES020000166.1	44303	12075704
scaff_group_007	CAKOES020000167.1	44119	12119823
scaff_group_007	CAKOES020000168.1	44049	12163872
scaff_group_007	CAKOES020000169.1	43829	12207701
scaff_group_007	CAKOES020000170.1	43746	12251447
scaff_group_007	CAKOES020000171.1	43563	12295010
scaff_group_007	CAKOES020000172.1	43509	12338519
scaff_group_007	CAKOES020000173.1	43502	12382021
scaff_group_007	CAKOES020000174.1	43320	12425341
scaff_group_007	CAKOES020000175.1	43109	12468450
scaff_group_007	CAKOES020000176.1	43031	12511481
scaff_group_007	CAKOES020000177.1	42901	12554382
scaff_group_007	CAKOES020000178.1	42878	12597260
scaff_group_007	CAKOES020000179.1	42717	12639977
scaff_group_007	CAKOES020000180.1	42705	12682682
scaff_group_007	CAKOES020000181.1	42504	12725186
scaff_group_007	CAKOES020000182.1	42143	12767329
scaff_group_007	CAKOES020000183.1	41781	12809110
scaff_group_007	CAKOES020000184.1	41753	12850863
scaff_group_007	CAKOES020000185.1	41601	12892464
scaff_group_007	CAKOES020000186.1	41524	12933988
scaff_group_007	CAKOES020000187.1	41355	12975343
scaff_group_007	CAKOES020000188.1	41211	13016554
scaff_group_007	CAKOES020000189.1	41201	13057755
scaff_group_007	CAKOES020000190.1	41106	13098861
scaff_group_007	CAKOES020000191.1	40983	13139844
scaff_group_007	CAKOES020000192.1	40956	13180800
scaff_group_007	CAKOES020000193.1	40690	13221490
scaff_group_007	CAKOES020000194.1	40639	13262129
scaff_group_007	CAKOES020000195.1	40636	13302765
scaff_group_007	CAKOES020000196.1	40634	13343399
scaff_group_007	CAKOES020000197.1	40498	13383897
scaff_group_007	CAKOES020000198.1	40490	13424387
scaff_group_007	CAKOES020000199.1	40487	13464874
scaff_group_007	CAKOES020000200.1	40432	13505306
scaff_group_007	CAKOES020000201.1	40345	13545651
scaff_group_007	CAKOES020000202.1	40338	13585989
scaff_group_007	CAKOES020000203.1	40296	13626285
scaff_group_007	CAKOES020000204.1	40269	13666554
scaff_group_007	CAKOES020000205.1	40228	13706782
scaff_group_007	CAKOES020000206.1	40194	13746976
scaff_group_007	CAKOES020000207.1	40163	13787139
scaff_group_007	CAKOES020000208.1	40077	13827216
scaff_group_007	CAKOES020000209.1	40001	13867217
scaff_group_007	CAKOES020000210.1	39960	13907177
scaff_group_007	CAKOES020000211.1	39802	13946979
scaff_group_007	CAKOES020000212.1	39697	13986676
scaff_group_008	CAKOES020000213.1	39693	14026369
scaff_group_008	CAKOES020000214.1	39590	14065959
scaff_group_008	CAKOES020000215.1	39354	14105313
scaff_group_008	CAKOES020000216.1	39214	14144527
scaff_group_008	CAKOES020000217.1	39158	14183685
scaff_group_008	CAKOES020000218.1	39156	14222841
scaff_group_008	CAKOES020000219.1	38946	14261787
scaff_group_008	CAKOES020000220.1	38685	14300472
scaff_group_008	CAKOES020000221.1	38566	14339038
scaff_group_008	CAKOES020000222.1	38512	14377550
scaff_group_008	CAKOES020000223.1	38497	14416047
scaff_group_008	CAKOES020000224.1	38456	14454503
scaff_group_008	CAKOES020000225.1	38380	14492883
scaff_group_008	CAKOES020000226.1	38339	14531222
scaff_group_008	CAKOES020000227.1	38028	14569250
scaff_group_008	CAKOES020000228.1	37989	14607239
scaff_group_008	CAKOES020000229.1	37887	14645126
scaff_group_008	CAKOES020000230.1	37874	14683000
scaff_group_008	CAKOES020000231.1	37780	14720780
scaff_group_008	CAKOES020000232.1	37757	14758537
scaff_group_008	CAKOES020000233.1	37725	14796262
scaff_group_008	CAKOES020000234.1	37677	14833939
scaff_group_008	CAKOES020000235.1	37656	14871595
scaff_group_008	CAKOES020000236.1	37490	14909085
scaff_group_008	CAKOES020000237.1	37405	14946490
scaff_group_008	CAKOES020000238.1	37265	14983755
scaff_group_008	CAKOES020000239.1	37177	15020932
scaff_group_008	CAKOES020000240.1	37119	15058051
scaff_group_008	CAKOES020000241.1	37110	15095161
scaff_group_008	CAKOES020000242.1	36963	15132124
scaff_group_008	CAKOES020000243.1	36843	15168967
scaff_group_008	CAKOES020000244.1	36678	15205645
scaff_group_008	CAKOES020000245.1	36487	15242132
scaff_group_008	CAKOES020000246.1	36459	15278591
scaff_group_008	CAKOES020000247.1	36387	15314978
scaff_group_008	CAKOES020000248.1	36362	15351340
scaff_group_008	CAKOES020000249.1	36256	15387596
scaff_group_008	CAKOES020000250.1	36192	15423788
scaff_group_008	CAKOES020000251.1	36125	15459913
scaff_group_008	CAKOES020000252.1	36090	15496003
scaff_group_008	CAKOES020000253.1	35852	15531855
scaff_group_008	CAKOES020000254.1	35804	15567659
scaff_group_008	CAKOES020000255.1	35755	15603414
scaff_group_008	CAKOES020000256.1	35672	15639086
scaff_group_008	CAKOES020000257.1	35662	15674748
scaff_group_008	CAKOES020000258.1	35581	15710329
scaff_group_008	CAKOES020000259.1	35574	15745903
scaff_group_008	CAKOES020000260.1	35555	15781458
scaff_group_008	CAKOES020000261.1	35522	15816980
scaff_group_008	CAKOES020000262.1	35405	15852385
scaff_group_008	CAKOES020000263.1	35363	15887748
scaff_group_008	CAKOES020000264.1	35357	15923105
scaff_group_008	CAKOES020000265.1	35357	15958462
scaff_group_008	CAKOES020000266.1	35349	15993811
scaff_group_009	CAKOES020000267.1	35232	16029043
scaff_group_009	CAKOES020000268.1	35181	16064224
scaff_group_009	CAKOES020000269.1	35152	16099376
scaff_group_009	CAKOES020000270.1	35045	16134421
scaff_group_009	CAKOES020000271.1	34918	16169339
scaff_group_009	CAKOES020000272.1	34851	16204190
scaff_group_009	CAKOES020000273.1	34812	16239002
scaff_group_009	CAKOES020000274.1	34810	16273812
scaff_group_009	CAKOES020000275.1	34755	16308567
scaff_group_009	CAKOES020000276.1	34676	16343243
scaff_group_009	CAKOES020000277.1	34654	16377897
scaff_group_009	CAKOES020000278.1	34613	16412510
scaff_group_009	CAKOES020000279.1	34576	16447086
scaff_group_009	CAKOES020000280.1	34568	16481654
scaff_group_009	CAKOES020000281.1	34550	16516204
scaff_group_009	CAKOES020000282.1	34540	16550744
scaff_group_009	CAKOES020000283.1	34371	16585115
scaff_group_009	CAKOES020000284.1	34076	16619191
scaff_group_009	CAKOES020000285.1	34044	16653235
scaff_group_009	CAKOES020000286.1	33954	16687189
scaff_group_009	CAKOES020000287.1	33940	16721129
scaff_group_009	CAKOES020000288.1	33865	16754994
scaff_group_009	CAKOES020000289.1	33799	16788793
scaff_group_009	CAKOES020000290.1	33762	16822555
scaff_group_009	CAKOES020000291.1	33762	16856317
scaff_group_009	CAKOES020000292.1	33687	16890004
scaff_group_009	CAKOES020000293.1	33662	16923666
scaff_group_009	CAKOES020000294.1	33598	16957264
scaff_group_009	CAKOES020000295.1	33577	16990841
scaff_group_009	CAKOES020000296.1	33575	17024416
scaff_group_009	CAKOES020000297.1	33522	17057938
scaff_group_009	CAKOES020000298.1	33516	17091454
scaff_group_009	CAKOES020000299.1	33500	17124954
scaff_group_009	CAKOES020000300.1	33466	17158420
scaff_group_009	CAKOES020000301.1	33440	17191860
scaff_group_009	CAKOES020000302.1	33436	17225296
scaff_group_009	CAKOES020000303.1	33424	17258720
scaff_group_009	CAKOES020000304.1	33413	17292133
scaff_group_009	CAKOES020000305.1	33369	17325502
scaff_group_009	CAKOES020000306.1	33240	17358742
scaff_group_009	CAKOES020000307.1	33230	17391972
scaff_group_009	CAKOES020000308.1	33185	17425157
scaff_group_009	CAKOES020000309.1	33179	17458336
scaff_group_009	CAKOES020000310.1	33150	17491486
scaff_group_009	CAKOES020000311.1	33120	17524606
scaff_group_009	CAKOES020000312.1	33054	17557660
scaff_group_009	CAKOES020000313.1	33017	17590677
scaff_group_009	CAKOES020000314.1	32785	17623462
scaff_group_009	CAKOES020000315.1	32725	17656187
scaff_group_009	CAKOES020000316.1	32703	17688890
scaff_group_009	CAKOES020000317.1	32656	17721546
scaff_group_009	CAKOES020000318.1	32607	17754153
scaff_group_009	CAKOES020000319.1	32494	17786647
scaff_group_009	CAKOES020000320.1	32464	17819111
scaff_group_009	CAKOES020000321.1	32436	17851547
scaff_group_009	CAKOES020000322.1	32373	17883920
scaff_group_009	CAKOES020000323.1	32322	17916242
scaff_group_009	CAKOES020000324.1	32305	17948547
scaff_group_009	CAKOES020000325.1	32264	17980811
scaff_group_010	CAKOES020000326.1	32134	18012945
scaff_group_010	CAKOES020000327.1	32069	18045014
scaff_group_010	CAKOES020000328.1	32035	18077049
scaff_group_010	CAKOES020000329.1	32027	18109076
scaff_group_010	CAKOES020000330.1	31902	18140978
scaff_group_010	CAKOES020000331.1	31899	18172877
scaff_group_010	CAKOES020000332.1	31852	18204729
scaff_group_010	CAKOES020000333.1	31744	18236473
scaff_group_010	CAKOES020000334.1	31738	18268211
scaff_group_010	CAKOES020000335.1	31716	18299927
scaff_group_010	CAKOES020000336.1	31613	18331540
scaff_group_010	CAKOES020000337.1	31540	18363080
scaff_group_010	CAKOES020000338.1	31525	18394605
scaff_group_010	CAKOES020000339.1	31506	18426111
scaff_group_010	CAKOES020000340.1	31503	18457614
scaff_group_010	CAKOES020000341.1	31478	18489092
scaff_group_010	CAKOES020000342.1	31470	18520562
scaff_group_010	CAKOES020000343.1	31390	18551952
scaff_group_010	CAKOES020000344.1	31358	18583310
scaff_group_010	CAKOES020000345.1	31357	18614667
scaff_group_010	CAKOES020000346.1	31356	18646023
scaff_group_010	CAKOES020000347.1	31279	18677302
scaff_group_010	CAKOES020000348.1	31275	18708577
scaff_group_010	CAKOES020000349.1	31179	18739756
scaff_group_010	CAKOES020000350.1	31089	18770845
scaff_group_010	CAKOES020000351.1	31038	18801883
scaff_group_010	CAKOES020000352.1	31025	18832908
scaff_group_010	CAKOES020000353.1	30915	18863823
scaff_group_010	CAKOES020000354.1	30895	18894718
scaff_group_010	CAKOES020000355.1	30819	18925537
scaff_group_010	CAKOES020000356.1	30798	18956335
scaff_group_010	CAKOES020000357.1	30791	18987126
scaff_group_010	CAKOES020000358.1	30776	19017902
scaff_group_010	CAKOES020000359.1	30772	19048674
scaff_group_010	CAKOES020000360.1	30767	19079441
scaff_group_010	CAKOES020000361.1	30755	19110196
scaff_group_010	CAKOES020000362.1	30746	19140942
scaff_group_010	CAKOES020000363.1	30733	19171675
scaff_group_010	CAKOES020000364.1	30712	19202387
scaff_group_010	CAKOES020000365.1	30688	19233075
scaff_group_010	CAKOES020000366.1	30679	19263754
scaff_group_010	CAKOES020000367.1	30679	19294433
scaff_group_010	CAKOES020000368.1	30673	19325106
scaff_group_010	CAKOES020000369.1	30633	19355739
scaff_group_010	CAKOES020000370.1	30626	19386365
scaff_group_010	CAKOES020000371.1	30559	19416924
scaff_group_010	CAKOES020000372.1	30546	19447470
scaff_group_010	CAKOES020000373.1	30523	19477993
scaff_group_010	CAKOES020000374.1	30457	19508450
scaff_group_010	CAKOES020000375.1	30438	19538888
scaff_group_010	CAKOES020000376.1	30428	19569316
scaff_group_010	CAKOES020000377.1	30423	19599739
scaff_group_010	CAKOES020000378.1	30417	19630156
scaff_group_010	CAKOES020000379.1	30405	19660561
scaff_group_010	CAKOES020000380.1	30385	19690946
scaff_group_010	CAKOES020000381.1	30376	19721322
scaff_group_010	CAKOES020000382.1	30376	19751698
scaff_group_010	CAKOES020000383.1	30308	19782006
scaff_group_010	CAKOES020000384.1	30307	19812313
scaff_group_010	CAKOES020000385.1	30294	19842607
scaff_group_010	CAKOES020000386.1	30267	19872874
scaff_group_010	CAKOES020000387.1	30227	19903101
scaff_group_010	CAKOES020000388.1	30161	19933262
scaff_group_010	CAKOES020000389.1	30152	19963414
scaff_group_010	CAKOES020000390.1	30044	19993458
scaff_group_011	CAKOES020000391.1	30017	20023475
scaff_group_011	CAKOES020000392.1	30000	20053475
scaff_group_011	CAKOES020000393.1	29969	20083444
scaff_group_011	CAKOES020000394.1	29951	20113395
scaff_group_011	CAKOES020000395.1	29869	20143264
scaff_group_011	CAKOES020000396.1	29800	20173064
scaff_group_011	CAKOES020000397.1	29796	20202860
scaff_group_011	CAKOES020000398.1	29791	20232651
scaff_group_011	CAKOES020000399.1	29778	20262429
scaff_group_011	CAKOES020000400.1	29716	20292145
scaff_group_011	CAKOES020000401.1	29686	20321831
scaff_group_011	CAKOES020000402.1	29559	20351390
scaff_group_011	CAKOES020000403.1	29522	20380912
scaff_group_011	CAKOES020000404.1	29521	20410433
scaff_group_011	CAKOES020000405.1	29489	20439922
scaff_group_011	CAKOES020000406.1	29479	20469401
scaff_group_011	CAKOES020000407.1	29429	20498830
scaff_group_011	CAKOES020000408.1	29421	20528251
scaff_group_011	CAKOES020000409.1	29376	20557627
scaff_group_011	CAKOES020000410.1	29287	20586914
scaff_group_011	CAKOES020000411.1	29228	20616142
scaff_group_011	CAKOES020000412.1	29181	20645323
scaff_group_011	CAKOES020000413.1	29069	20674392
scaff_group_011	CAKOES020000414.1	29053	20703445
scaff_group_011	CAKOES020000415.1	29010	20732455
scaff_group_011	CAKOES020000416.1	28980	20761435
scaff_group_011	CAKOES020000417.1	28919	20790354
scaff_group_011	CAKOES020000418.1	28853	20819207
scaff_group_011	CAKOES020000419.1	28781	20847988
scaff_group_011	CAKOES020000420.1	28776	20876764
scaff_group_011	CAKOES020000421.1	28771	20905535
scaff_group_011	CAKOES020000422.1	28746	20934281
scaff_group_011	CAKOES020000423.1	28728	20963009
scaff_group_011	CAKOES020000424.1	28717	20991726
scaff_group_011	CAKOES020000425.1	28602	21020328
scaff_group_011	CAKOES020000426.1	28561	21048889
scaff_group_011	CAKOES020000427.1	28524	21077413
scaff_group_011	CAKOES020000428.1	28493	21105906
scaff_group_011	CAKOES020000429.1	28436	21134342
scaff_group_011	CAKOES020000430.1	28406	21162748
scaff_group_011	CAKOES020000431.1	28375	21191123
scaff_group_011	CAKOES020000432.1	28317	21219440
scaff_group_011	CAKOES020000433.1	28228	21247668
scaff_group_011	CAKOES020000434.1	28205	21275873
scaff_group_011	CAKOES020000435.1	28122	21303995
scaff_group_011	CAKOES020000436.1	28120	21332115
scaff_group_011	CAKOES020000437.1	28075	21360190
scaff_group_011	CAKOES020000438.1	27983	21388173
scaff_group_011	CAKOES020000439.1	27976	21416149
scaff_group_011	CAKOES020000440.1	27950	21444099
scaff_group_011	CAKOES020000441.1	27925	21472024
scaff_group_011	CAKOES020000442.1	27722	21499746
scaff_group_011	CAKOES020000443.1	27707	21527453
scaff_group_011	CAKOES020000444.1	27700	21555153
scaff_group_011	CAKOES020000445.1	27699	21582852
scaff_group_011	CAKOES020000446.1	27663	21610515
scaff_group_011	CAKOES020000447.1	27633	21638148
scaff_group_011	CAKOES020000448.1	27612	21665760
scaff_group_011	CAKOES020000449.1	27562	21693322
scaff_group_011	CAKOES020000450.1	27552	21720874
scaff_group_011	CAKOES020000451.1	27512	21748386
scaff_group_011	CAKOES020000452.1	27382	21775768
scaff_group_011	CAKOES020000453.1	27317	21803085
scaff_group_011	CAKOES020000454.1	27274	21830359
scaff_group_011	CAKOES020000455.1	27251	21857610
scaff_group_011	CAKOES020000456.1	27250	21884860
scaff_group_011	CAKOES020000457.1	27235	21912095
scaff_group_011	CAKOES020000458.1	27151	21939246
scaff_group_011	CAKOES020000459.1	27043	21966289
scaff_group_011	CAKOES020000460.1	27034	21993323
scaff_group_012	CAKOES020000461.1	27031	22020354
scaff_group_012	CAKOES020000462.1	27011	22047365
scaff_group_012	CAKOES020000463.1	26987	22074352
scaff_group_012	CAKOES020000464.1	26985	22101337
scaff_group_012	CAKOES020000465.1	26967	22128304
scaff_group_012	CAKOES020000466.1	26961	22155265
scaff_group_012	CAKOES020000467.1	26939	22182204
scaff_group_012	CAKOES020000468.1	26915	22209119
scaff_group_012	CAKOES020000469.1	26910	22236029
scaff_group_012	CAKOES020000470.1	26798	22262827
scaff_group_012	CAKOES020000471.1	26750	22289577
scaff_group_012	CAKOES020000472.1	26720	22316297
scaff_group_012	CAKOES020000473.1	26716	22343013
scaff_group_012	CAKOES020000474.1	26695	22369708
scaff_group_012	CAKOES020000475.1	26673	22396381
scaff_group_012	CAKOES020000476.1	26668	22423049
scaff_group_012	CAKOES020000477.1	26666	22449715
scaff_group_012	CAKOES020000478.1	26645	22476360
scaff_group_012	CAKOES020000479.1	26637	22502997
scaff_group_012	CAKOES020000480.1	26600	22529597
scaff_group_012	CAKOES020000481.1	26578	22556175
scaff_group_012	CAKOES020000482.1	26557	22582732
scaff_group_012	CAKOES020000483.1	26554	22609286
scaff_group_012	CAKOES020000484.1	26519	22635805
scaff_group_012	CAKOES020000485.1	26515	22662320
scaff_group_012	CAKOES020000486.1	26485	22688805
scaff_group_012	CAKOES020000487.1	26480	22715285
scaff_group_012	CAKOES020000488.1	26473	22741758
scaff_group_012	CAKOES020000489.1	26468	22768226
scaff_group_012	CAKOES020000490.1	26438	22794664
scaff_group_012	CAKOES020000491.1	26368	22821032
scaff_group_012	CAKOES020000492.1	26362	22847394
scaff_group_012	CAKOES020000493.1	26352	22873746
scaff_group_012	CAKOES020000494.1	26350	22900096
scaff_group_012	CAKOES020000495.1	26307	22926403
scaff_group_012	CAKOES020000496.1	26251	22952654
scaff_group_012	CAKOES020000497.1	26244	22978898
scaff_group_012	CAKOES020000498.1	26227	23005125
scaff_group_012	CAKOES020000499.1	26164	23031289
scaff_group_012	CAKOES020000500.1	26086	23057375
scaff_group_012	CAKOES020000501.1	26037	23083412
scaff_group_012	CAKOES020000502.1	26003	23109415
scaff_group_012	CAKOES020000503.1	25875	23135290
scaff_group_012	CAKOES020000504.1	25863	23161153
scaff_group_012	CAKOES020000505.1	25812	23186965
scaff_group_012	CAKOES020000506.1	25810	23212775
scaff_group_012	CAKOES020000507.1	25785	23238560
scaff_group_012	CAKOES020000508.1	25634	23264194
scaff_group_012	CAKOES020000509.1	25611	23289805
scaff_group_012	CAKOES020000510.1	25550	23315355
scaff_group_012	CAKOES020000511.1	25498	23340853
scaff_group_012	CAKOES020000512.1	25425	23366278
scaff_group_012	CAKOES020000513.1	25406	23391684
scaff_group_012	CAKOES020000514.1	25399	23417083
scaff_group_012	CAKOES020000515.1	25389	23442472
scaff_group_012	CAKOES020000516.1	25348	23467820
scaff_group_012	CAKOES020000517.1	25266	23493086
scaff_group_012	CAKOES020000518.1	25255	23518341
scaff_group_012	CAKOES020000519.1	25239	23543580
scaff_group_012	CAKOES020000520.1	25207	23568787
scaff_group_012	CAKOES020000521.1	25196	23593983
scaff_group_012	CAKOES020000522.1	25146	23619129
scaff_group_012	CAKOES020000523.1	25114	23644243
scaff_group_012	CAKOES020000524.1	25089	23669332
scaff_group_012	CAKOES020000525.1	25012	23694344
scaff_group_012	CAKOES020000526.1	24972	23719316
scaff_group_012	CAKOES020000527.1	24960	23744276
scaff_group_012	CAKOES020000528.1	24953	23769229
scaff_group_012	CAKOES020000529.1	24798	23794027
scaff_group_012	CAKOES020000530.1	24791	23818818
scaff_group_012	CAKOES020000531.1	24776	23843594
scaff_group_012	CAKOES020000532.1	24737	23868331
scaff_group_012	CAKOES020000533.1	24597	23892928
scaff_group_012	CAKOES020000534.1	24597	23917525
scaff_group_012	CAKOES020000535.1	24559	23942084
scaff_group_012	CAKOES020000536.1	24546	23966630
scaff_group_012	CAKOES020000537.1	24524	23991154
scaff_group_013	CAKOES020000538.1	24462	24015616
scaff_group_013	CAKOES020000539.1	24447	24040063
scaff_group_013	CAKOES020000540.1	24416	24064479
scaff_group_013	CAKOES020000541.1	24360	24088839
scaff_group_013	CAKOES020000542.1	24344	24113183
scaff_group_013	CAKOES020000543.1	24341	24137524
scaff_group_013	CAKOES020000544.1	24340	24161864
scaff_group_013	CAKOES020000545.1	24262	24186126
scaff_group_013	CAKOES020000546.1	24257	24210383
scaff_group_013	CAKOES020000547.1	24177	24234560
scaff_group_013	CAKOES020000548.1	24084	24258644
scaff_group_013	CAKOES020000549.1	24083	24282727
scaff_group_013	CAKOES020000550.1	24074	24306801
scaff_group_013	CAKOES020000551.1	23997	24330798
scaff_group_013	CAKOES020000552.1	23959	24354757
scaff_group_013	CAKOES020000553.1	23950	24378707
scaff_group_013	CAKOES020000554.1	23933	24402640
scaff_group_013	CAKOES020000555.1	23924	24426564
scaff_group_013	CAKOES020000556.1	23899	24450463
scaff_group_013	CAKOES020000557.1	23885	24474348
scaff_group_013	CAKOES020000558.1	23805	24498153
scaff_group_013	CAKOES020000559.1	23739	24521892
scaff_group_013	CAKOES020000560.1	23736	24545628
scaff_group_013	CAKOES020000561.1	23696	24569324
scaff_group_013	CAKOES020000562.1	23675	24592999
scaff_group_013	CAKOES020000563.1	23606	24616605
scaff_group_013	CAKOES020000564.1	23594	24640199
scaff_group_013	CAKOES020000565.1	23581	24663780
scaff_group_013	CAKOES020000566.1	23554	24687334
scaff_group_013	CAKOES020000567.1	23506	24710840
scaff_group_013	CAKOES020000568.1	23467	24734307
scaff_group_013	CAKOES020000569.1	23432	24757739
scaff_group_013	CAKOES020000570.1	23412	24781151
scaff_group_013	CAKOES020000571.1	23401	24804552
scaff_group_013	CAKOES020000572.1	23351	24827903
scaff_group_013	CAKOES020000573.1	23336	24851239
scaff_group_013	CAKOES020000574.1	23323	24874562
scaff_group_013	CAKOES020000575.1	23261	24897823
scaff_group_013	CAKOES020000576.1	23182	24921005
scaff_group_013	CAKOES020000577.1	23175	24944180
scaff_group_013	CAKOES020000578.1	23131	24967311
scaff_group_013	CAKOES020000579.1	23127	24990438
scaff_group_013	CAKOES020000580.1	23091	25013529
scaff_group_013	CAKOES020000581.1	22983	25036512
scaff_group_013	CAKOES020000582.1	22978	25059490
scaff_group_013	CAKOES020000583.1	22909	25082399
scaff_group_013	CAKOES020000584.1	22909	25105308
scaff_group_013	CAKOES020000585.1	22765	25128073
scaff_group_013	CAKOES020000586.1	22732	25150805
scaff_group_013	CAKOES020000587.1	22694	25173499
scaff_group_013	CAKOES020000588.1	22636	25196135
scaff_group_013	CAKOES020000589.1	22613	25218748
scaff_group_013	CAKOES020000590.1	22594	25241342
scaff_group_013	CAKOES020000591.1	22561	25263903
scaff_group_013	CAKOES020000592.1	22561	25286464
scaff_group_013	CAKOES020000593.1	22553	25309017
scaff_group_013	CAKOES020000594.1	22509	25331526
scaff_group_013	CAKOES020000595.1	22505	25354031
scaff_group_013	CAKOES020000596.1	22479	25376510
scaff_group_013	CAKOES020000597.1	22454	25398964
scaff_group_013	CAKOES020000598.1	22440	25421404
scaff_group_013	CAKOES020000599.1	22423	25443827
scaff_group_013	CAKOES020000600.1	22402	25466229
scaff_group_013	CAKOES020000601.1	22382	25488611
scaff_group_013	CAKOES020000602.1	22360	25510971
scaff_group_013	CAKOES020000603.1	22311	25533282
scaff_group_013	CAKOES020000604.1	22274	25555556
scaff_group_013	CAKOES020000605.1	22271	25577827
scaff_group_013	CAKOES020000606.1	22255	25600082
scaff_group_013	CAKOES020000607.1	22227	25622309
scaff_group_013	CAKOES020000608.1	22223	25644532
scaff_group_013	CAKOES020000609.1	22212	25666744
scaff_group_013	CAKOES020000610.1	22140	25688884
scaff_group_013	CAKOES020000611.1	22135	25711019
scaff_group_013	CAKOES020000612.1	22095	25733114
scaff_group_013	CAKOES020000613.1	22081	25755195
scaff_group_013	CAKOES020000614.1	22044	25777239
scaff_group_013	CAKOES020000615.1	22015	25799254
scaff_group_013	CAKOES020000616.1	21968	25821222
scaff_group_013	CAKOES020000617.1	21967	25843189
scaff_group_013	CAKOES020000618.1	21908	25865097
scaff_group_013	CAKOES020000619.1	21882	25886979
scaff_group_013	CAKOES020000620.1	21874	25908853
scaff_group_013	CAKOES020000621.1	21859	25930712
scaff_group_013	CAKOES020000622.1	21856	25952568
scaff_group_013	CAKOES020000623.1	21842	25974410
scaff_group_013	CAKOES020000624.1	21835	25996245
scaff_group_014	CAKOES020000625.1	21831	26018076
scaff_group_014	CAKOES020000626.1	21828	26039904
scaff_group_014	CAKOES020000627.1	21808	26061712
scaff_group_014	CAKOES020000628.1	21783	26083495
scaff_group_014	CAKOES020000629.1	21778	26105273
scaff_group_014	CAKOES020000630.1	21766	26127039
scaff_group_014	CAKOES020000631.1	21657	26148696
scaff_group_014	CAKOES020000632.1	21654	26170350
scaff_group_014	CAKOES020000633.1	21630	26191980
scaff_group_014	CAKOES020000634.1	21613	26213593
scaff_group_014	CAKOES020000635.1	21606	26235199
scaff_group_014	CAKOES020000636.1	21587	26256786
scaff_group_014	CAKOES020000637.1	21576	26278362
scaff_group_014	CAKOES020000638.1	21563	26299925
scaff_group_014	CAKOES020000639.1	21543	26321468
scaff_group_014	CAKOES020000640.1	21538	26343006
scaff_group_014	CAKOES020000641.1	21531	26364537
scaff_group_014	CAKOES020000642.1	21518	26386055
scaff_group_014	CAKOES020000643.1	21488	26407543
scaff_group_014	CAKOES020000644.1	21461	26429004
scaff_group_014	CAKOES020000645.1	21428	26450432
scaff_group_014	CAKOES020000646.1	21340	26471772
scaff_group_014	CAKOES020000647.1	21338	26493110
scaff_group_014	CAKOES020000648.1	21304	26514414
scaff_group_014	CAKOES020000649.1	21292	26535706
scaff_group_014	CAKOES020000650.1	21193	26556899
scaff_group_014	CAKOES020000651.1	21171	26578070
scaff_group_014	CAKOES020000652.1	21149	26599219
scaff_group_014	CAKOES020000653.1	21138	26620357
scaff_group_014	CAKOES020000654.1	21123	26641480
scaff_group_014	CAKOES020000655.1	21106	26662586
scaff_group_014	CAKOES020000656.1	21080	26683666
scaff_group_014	CAKOES020000657.1	21030	26704696
scaff_group_014	CAKOES020000658.1	20995	26725691
scaff_group_014	CAKOES020000659.1	20953	26746644
scaff_group_014	CAKOES020000660.1	20946	26767590
scaff_group_014	CAKOES020000661.1	20937	26788527
scaff_group_014	CAKOES020000662.1	20927	26809454
scaff_group_014	CAKOES020000663.1	20899	26830353
scaff_group_014	CAKOES020000664.1	20889	26851242
scaff_group_014	CAKOES020000665.1	20889	26872131
scaff_group_014	CAKOES020000666.1	20788	26892919
scaff_group_014	CAKOES020000667.1	20780	26913699
scaff_group_014	CAKOES020000668.1	20728	26934427
scaff_group_014	CAKOES020000669.1	20723	26955150
scaff_group_014	CAKOES020000670.1	20723	26975873
scaff_group_014	CAKOES020000671.1	20715	26996588
scaff_group_014	CAKOES020000672.1	20679	27017267
scaff_group_014	CAKOES020000673.1	20672	27037939
scaff_group_014	CAKOES020000674.1	20672	27058611
scaff_group_014	CAKOES020000675.1	20599	27079210
scaff_group_014	CAKOES020000676.1	20591	27099801
scaff_group_014	CAKOES020000677.1	20590	27120391
scaff_group_014	CAKOES020000678.1	20576	27140967
scaff_group_014	CAKOES020000679.1	20533	27161500
scaff_group_014	CAKOES020000680.1	20523	27182023
scaff_group_014	CAKOES020000681.1	20516	27202539
scaff_group_014	CAKOES020000682.1	20510	27223049
scaff_group_014	CAKOES020000683.1	20504	27243553
scaff_group_014	CAKOES020000684.1	20474	27264027
scaff_group_014	CAKOES020000685.1	20401	27284428
scaff_group_014	CAKOES020000686.1	20276	27304704
scaff_group_014	CAKOES020000687.1	20271	27324975
scaff_group_014	CAKOES020000688.1	20261	27345236
scaff_group_014	CAKOES020000689.1	20228	27365464
scaff_group_014	CAKOES020000690.1	20224	27385688
scaff_group_014	CAKOES020000691.1	20162	27405850
scaff_group_014	CAKOES020000692.1	20140	27425990
scaff_group_014	CAKOES020000693.1	20139	27446129
scaff_group_014	CAKOES020000694.1	20124	27466253
scaff_group_014	CAKOES020000695.1	20106	27486359
scaff_group_014	CAKOES020000696.1	20103	27506462
scaff_group_014	CAKOES020000697.1	20033	27526495
scaff_group_014	CAKOES020000698.1	20029	27546524
scaff_group_014	CAKOES020000699.1	20026	27566550
scaff_group_014	CAKOES020000700.1	20018	27586568
scaff_group_014	CAKOES020000701.1	20008	27606576
scaff_group_014	CAKOES020000702.1	19993	27626569
scaff_group_014	CAKOES020000703.1	19983	27646552
scaff_group_014	CAKOES020000704.1	19981	27666533
scaff_group_014	CAKOES020000705.1	19978	27686511
scaff_group_014	CAKOES020000706.1	19978	27706489
scaff_group_014	CAKOES020000707.1	19955	27726444
scaff_group_014	CAKOES020000708.1	19905	27746349
scaff_group_014	CAKOES020000709.1	19896	27766245
scaff_group_014	CAKOES020000710.1	19857	27786102
scaff_group_014	CAKOES020000711.1	19829	27805931
scaff_group_014	CAKOES020000712.1	19822	27825753
scaff_group_014	CAKOES020000713.1	19791	27845544
scaff_group_014	CAKOES020000714.1	19786	27865330
scaff_group_014	CAKOES020000715.1	19780	27885110
scaff_group_014	CAKOES020000716.1	19749	27904859
scaff_group_014	CAKOES020000717.1	19746	27924605
scaff_group_014	CAKOES020000718.1	19731	27944336
scaff_group_014	CAKOES020000719.1	19728	27964064
scaff_group_014	CAKOES020000720.1	19695	27983759
scaff_group_015	CAKOES020000721.1	19661	28003420
scaff_group_015	CAKOES020000722.1	19656	28023076
scaff_group_015	CAKOES020000723.1	19652	28042728
scaff_group_015	CAKOES020000724.1	19636	28062364
scaff_group_015	CAKOES020000725.1	19615	28081979
scaff_group_015	CAKOES020000726.1	19608	28101587
scaff_group_015	CAKOES020000727.1	19603	28121190
scaff_group_015	CAKOES020000728.1	19543	28140733
scaff_group_015	CAKOES020000729.1	19519	28160252
scaff_group_015	CAKOES020000730.1	19509	28179761
scaff_group_015	CAKOES020000731.1	19493	28199254
scaff_group_015	CAKOES020000732.1	19488	28218742
scaff_group_015	CAKOES020000733.1	19466	28238208
scaff_group_015	CAKOES020000734.1	19440	28257648
scaff_group_015	CAKOES020000735.1	19428	28277076
scaff_group_015	CAKOES020000736.1	19423	28296499
scaff_group_015	CAKOES020000737.1	19416	28315915
scaff_group_015	CAKOES020000738.1	19412	28335327
scaff_group_015	CAKOES020000739.1	19382	28354709
scaff_group_015	CAKOES020000740.1	19362	28374071
scaff_group_015	CAKOES020000741.1	19321	28393392
scaff_group_015	CAKOES020000742.1	19312	28412704
scaff_group_015	CAKOES020000743.1	19297	28432001
scaff_group_015	CAKOES020000744.1	19296	28451297
scaff_group_015	CAKOES020000745.1	19267	28470564
scaff_group_015	CAKOES020000746.1	19252	28489816
scaff_group_015	CAKOES020000747.1	19250	28509066
scaff_group_015	CAKOES020000748.1	19241	28528307
scaff_group_015	CAKOES020000749.1	19202	28547509
scaff_group_015	CAKOES020000750.1	19202	28566711
scaff_group_015	CAKOES020000751.1	19190	28585901
scaff_group_015	CAKOES020000752.1	19167	28605068
scaff_group_015	CAKOES020000753.1	19154	28624222
scaff_group_015	CAKOES020000754.1	18956	28643178
scaff_group_015	CAKOES020000755.1	18951	28662129
scaff_group_015	CAKOES020000756.1	18901	28681030
scaff_group_015	CAKOES020000757.1	18889	28699919
scaff_group_015	CAKOES020000758.1	18880	28718799
scaff_group_015	CAKOES020000759.1	18870	28737669
scaff_group_015	CAKOES020000760.1	18802	28756471
scaff_group_015	CAKOES020000761.1	18799	28775270
scaff_group_015	CAKOES020000762.1	18782	28794052
scaff_group_015	CAKOES020000763.1	18735	28812787
scaff_group_015	CAKOES020000764.1	18647	28831434
scaff_group_015	CAKOES020000765.1	18590	28850024
scaff_group_015	CAKOES020000766.1	18571	28868595
scaff_group_015	CAKOES020000767.1	18568	28887163
scaff_group_015	CAKOES020000768.1	18566	28905729
scaff_group_015	CAKOES020000769.1	18475	28924204
scaff_group_015	CAKOES020000770.1	18463	28942667
scaff_group_015	CAKOES020000771.1	18424	28961091
scaff_group_015	CAKOES020000772.1	18423	28979514
scaff_group_015	CAKOES020000773.1	18405	28997919
scaff_group_015	CAKOES020000774.1	18373	29016292
scaff_group_015	CAKOES020000775.1	18354	29034646
scaff_group_015	CAKOES020000776.1	18303	29052949
scaff_group_015	CAKOES020000777.1	18268	29071217
scaff_group_015	CAKOES020000778.1	18244	29089461
scaff_group_015	CAKOES020000779.1	18242	29107703
scaff_group_015	CAKOES020000780.1	18223	29125926
scaff_group_015	CAKOES020000781.1	18186	29144112
scaff_group_015	CAKOES020000782.1	18143	29162255
scaff_group_015	CAKOES020000783.1	18107	29180362
scaff_group_015	CAKOES020000784.1	18095	29198457
scaff_group_015	CAKOES020000785.1	18071	29216528
scaff_group_015	CAKOES020000786.1	18049	29234577
scaff_group_015	CAKOES020000787.1	18049	29252626
scaff_group_015	CAKOES020000788.1	17981	29270607
scaff_group_015	CAKOES020000789.1	17974	29288581
scaff_group_015	CAKOES020000790.1	17925	29306506
scaff_group_015	CAKOES020000791.1	17915	29324421
scaff_group_015	CAKOES020000792.1	17911	29342332
scaff_group_015	CAKOES020000793.1	17902	29360234
scaff_group_015	CAKOES020000794.1	17892	29378126
scaff_group_015	CAKOES020000795.1	17726	29395852
scaff_group_015	CAKOES020000796.1	17698	29413550
scaff_group_015	CAKOES020000797.1	17685	29431235
scaff_group_015	CAKOES020000798.1	17661	29448896
scaff_group_015	CAKOES020000799.1	17634	29466530
scaff_group_015	CAKOES020000800.1	17624	29484154
scaff_group_015	CAKOES020000801.1	17580	29501734
scaff_group_015	CAKOES020000802.1	17535	29519269
scaff_group_015	CAKOES020000803.1	17514	29536783
scaff_group_015	CAKOES020000804.1	17495	29554278
scaff_group_015	CAKOES020000805.1	17481	29571759
scaff_group_015	CAKOES020000806.1	17452	29589211
scaff_group_015	CAKOES020000807.1	17452	29606663
scaff_group_015	CAKOES020000808.1	17386	29624049
scaff_group_015	CAKOES020000809.1	17362	29641411
scaff_group_015	CAKOES020000810.1	17357	29658768
scaff_group_015	CAKOES020000811.1	17294	29676062
scaff_group_015	CAKOES020000812.1	17272	29693334
scaff_group_015	CAKOES020000813.1	17269	29710603
scaff_group_015	CAKOES020000814.1	17245	29727848
scaff_group_015	CAKOES020000815.1	17235	29745083
scaff_group_015	CAKOES020000816.1	17209	29762292
scaff_group_015	CAKOES020000817.1	17203	29779495
scaff_group_015	CAKOES020000818.1	17194	29796689
scaff_group_015	CAKOES020000819.1	17157	29813846
scaff_group_015	CAKOES020000820.1	17138	29830984
scaff_group_015	CAKOES020000821.1	17121	29848105
scaff_group_015	CAKOES020000822.1	17091	29865196
scaff_group_015	CAKOES020000823.1	17016	29882212
scaff_group_015	CAKOES020000824.1	16971	29899183
scaff_group_015	CAKOES020000825.1	16905	29916088
scaff_group_015	CAKOES020000826.1	16901	29932989
scaff_group_015	CAKOES020000827.1	16897	29949886
scaff_group_015	CAKOES020000828.1	16888	29966774
scaff_group_015	CAKOES020000829.1	16877	29983651
scaff_group_016	CAKOES020000830.1	16875	30000526
scaff_group_016	CAKOES020000831.1	16864	30017390
scaff_group_016	CAKOES020000832.1	16858	30034248
scaff_group_016	CAKOES020000833.1	16851	30051099
scaff_group_016	CAKOES020000834.1	16808	30067907
scaff_group_016	CAKOES020000835.1	16804	30084711
scaff_group_016	CAKOES020000836.1	16780	30101491
scaff_group_016	CAKOES020000837.1	16771	30118262
scaff_group_016	CAKOES020000838.1	16757	30135019
scaff_group_016	CAKOES020000839.1	16733	30151752
scaff_group_016	CAKOES020000840.1	16686	30168438
scaff_group_016	CAKOES020000841.1	16676	30185114
scaff_group_016	CAKOES020000842.1	16671	30201785
scaff_group_016	CAKOES020000843.1	16664	30218449
scaff_group_016	CAKOES020000844.1	16631	30235080
scaff_group_016	CAKOES020000845.1	16616	30251696
scaff_group_016	CAKOES020000846.1	16609	30268305
scaff_group_016	CAKOES020000847.1	16603	30284908
scaff_group_016	CAKOES020000848.1	16591	30301499
scaff_group_016	CAKOES020000849.1	16557	30318056
scaff_group_016	CAKOES020000850.1	16494	30334550
scaff_group_016	CAKOES020000851.1	16491	30351041
scaff_group_016	CAKOES020000852.1	16489	30367530
scaff_group_016	CAKOES020000853.1	16477	30384007
scaff_group_016	CAKOES020000854.1	16475	30400482
scaff_group_016	CAKOES020000855.1	16455	30416937
scaff_group_016	CAKOES020000856.1	16424	30433361
scaff_group_016	CAKOES020000857.1	16415	30449776
scaff_group_016	CAKOES020000858.1	16406	30466182
scaff_group_016	CAKOES020000859.1	16353	30482535
scaff_group_016	CAKOES020000860.1	16298	30498833
scaff_group_016	CAKOES020000861.1	16243	30515076
scaff_group_016	CAKOES020000862.1	16217	30531293
scaff_group_016	CAKOES020000863.1	16187	30547480
scaff_group_016	CAKOES020000864.1	16173	30563653
scaff_group_016	CAKOES020000865.1	16113	30579766
scaff_group_016	CAKOES020000866.1	16088	30595854
scaff_group_016	CAKOES020000867.1	16069	30611923
scaff_group_016	CAKOES020000868.1	16064	30627987
scaff_group_016	CAKOES020000869.1	16044	30644031
scaff_group_016	CAKOES020000870.1	16043	30660074
scaff_group_016	CAKOES020000871.1	16029	30676103
scaff_group_016	CAKOES020000872.1	16015	30692118
scaff_group_016	CAKOES020000873.1	15944	30708062
scaff_group_016	CAKOES020000874.1	15937	30723999
scaff_group_016	CAKOES020000875.1	15923	30739922
scaff_group_016	CAKOES020000876.1	15906	30755828
scaff_group_016	CAKOES020000877.1	15858	30771686
scaff_group_016	CAKOES020000878.1	15849	30787535
scaff_group_016	CAKOES020000879.1	15843	30803378
scaff_group_016	CAKOES020000880.1	15838	30819216
scaff_group_016	CAKOES020000881.1	15812	30835028
scaff_group_016	CAKOES020000882.1	15760	30850788
scaff_group_016	CAKOES020000883.1	15729	30866517
scaff_group_016	CAKOES020000884.1	15657	30882174
scaff_group_016	CAKOES020000885.1	15612	30897786
scaff_group_016	CAKOES020000886.1	15601	30913387
scaff_group_016	CAKOES020000887.1	15556	30928943
scaff_group_016	CAKOES020000888.1	15522	30944465
scaff_group_016	CAKOES020000889.1	15485	30959950
scaff_group_016	CAKOES020000890.1	15484	30975434
scaff_group_016	CAKOES020000891.1	15470	30990904
scaff_group_016	CAKOES020000892.1	15443	31006347
scaff_group_016	CAKOES020000893.1	15428	31021775
scaff_group_016	CAKOES020000894.1	15418	31037193
scaff_group_016	CAKOES020000895.1	15294	31052487
scaff_group_016	CAKOES020000896.1	15252	31067739
scaff_group_016	CAKOES020000897.1	15249	31082988
scaff_group_016	CAKOES020000898.1	15244	31098232
scaff_group_016	CAKOES020000899.1	15234	31113466
scaff_group_016	CAKOES020000900.1	15227	31128693
scaff_group_016	CAKOES020000901.1	15190	31143883
scaff_group_016	CAKOES020000902.1	15150	31159033
scaff_group_016	CAKOES020000903.1	15133	31174166
scaff_group_016	CAKOES020000904.1	15116	31189282
scaff_group_016	CAKOES020000905.1	15086	31204368
scaff_group_016	CAKOES020000906.1	15085	31219453
scaff_group_016	CAKOES020000907.1	15052	31234505
scaff_group_016	CAKOES020000908.1	15043	31249548
scaff_group_016	CAKOES020000909.1	15036	31264584
scaff_group_016	CAKOES020000910.1	15021	31279605
scaff_group_016	CAKOES020000911.1	15019	31294624
scaff_group_016	CAKOES020000912.1	14986	31309610
scaff_group_016	CAKOES020000913.1	14980	31324590
scaff_group_016	CAKOES020000914.1	14961	31339551
scaff_group_016	CAKOES020000915.1	14955	31354506
scaff_group_016	CAKOES020000916.1	14942	31369448
scaff_group_016	CAKOES020000917.1	14911	31384359
scaff_group_016	CAKOES020000918.1	14890	31399249
scaff_group_016	CAKOES020000919.1	14861	31414110
scaff_group_016	CAKOES020000920.1	14840	31428950
scaff_group_016	CAKOES020000921.1	14835	31443785
scaff_group_016	CAKOES020000922.1	14832	31458617
scaff_group_016	CAKOES020000923.1	14832	31473449
scaff_group_016	CAKOES020000924.1	14818	31488267
scaff_group_016	CAKOES020000925.1	14791	31503058
scaff_group_016	CAKOES020000926.1	14781	31517839
scaff_group_016	CAKOES020000927.1	14763	31532602
scaff_group_016	CAKOES020000928.1	14730	31547332
scaff_group_016	CAKOES020000929.1	14716	31562048
scaff_group_016	CAKOES020000930.1	14676	31576724
scaff_group_016	CAKOES020000931.1	14671	31591395
scaff_group_016	CAKOES020000932.1	14669	31606064
scaff_group_016	CAKOES020000933.1	14651	31620715
scaff_group_016	CAKOES020000934.1	14643	31635358
scaff_group_016	CAKOES020000935.1	14593	31649951
scaff_group_016	CAKOES020000936.1	14592	31664543
scaff_group_016	CAKOES020000937.1	14591	31679134
scaff_group_016	CAKOES020000938.1	14578	31693712
scaff_group_016	CAKOES020000939.1	14568	31708280
scaff_group_016	CAKOES020000940.1	14549	31722829
scaff_group_016	CAKOES020000941.1	14545	31737374
scaff_group_016	CAKOES020000942.1	14541	31751915
scaff_group_016	CAKOES020000943.1	14513	31766428
scaff_group_016	CAKOES020000944.1	14497	31780925
scaff_group_016	CAKOES020000945.1	14493	31795418
scaff_group_016	CAKOES020000946.1	14437	31809855
scaff_group_016	CAKOES020000947.1	14408	31824263
scaff_group_016	CAKOES020000948.1	14400	31838663
scaff_group_016	CAKOES020000949.1	14373	31853036
scaff_group_016	CAKOES020000950.1	14361	31867397
scaff_group_016	CAKOES020000951.1	14312	31881709
scaff_group_016	CAKOES020000952.1	14310	31896019
scaff_group_016	CAKOES020000953.1	14277	31910296
scaff_group_016	CAKOES020000954.1	14255	31924551
scaff_group_016	CAKOES020000955.1	14211	31938762
scaff_group_016	CAKOES020000956.1	14199	31952961
scaff_group_016	CAKOES020000957.1	14197	31967158
scaff_group_016	CAKOES020000958.1	14137	31981295
scaff_group_016	CAKOES020000959.1	14129	31995424
scaff_group_017	CAKOES020000960.1	14108	32009532
scaff_group_017	CAKOES020000961.1	14093	32023625
scaff_group_017	CAKOES020000962.1	14065	32037690
scaff_group_017	CAKOES020000963.1	14061	32051751
scaff_group_017	CAKOES020000964.1	14046	32065797
scaff_group_017	CAKOES020000965.1	14029	32079826
scaff_group_017	CAKOES020000966.1	14022	32093848
scaff_group_017	CAKOES020000967.1	14007	32107855
scaff_group_017	CAKOES020000968.1	13996	32121851
scaff_group_017	CAKOES020000969.1	13981	32135832
scaff_group_017	CAKOES020000970.1	13961	32149793
scaff_group_017	CAKOES020000971.1	13958	32163751
scaff_group_017	CAKOES020000972.1	13949	32177700
scaff_group_017	CAKOES020000973.1	13943	32191643
scaff_group_017	CAKOES020000974.1	13923	32205566
scaff_group_017	CAKOES020000975.1	13884	32219450
scaff_group_017	CAKOES020000976.1	13880	32233330
scaff_group_017	CAKOES020000977.1	13858	32247188
scaff_group_017	CAKOES020000978.1	13856	32261044
scaff_group_017	CAKOES020000979.1	13852	32274896
scaff_group_017	CAKOES020000980.1	13827	32288723
scaff_group_017	CAKOES020000981.1	13792	32302515
scaff_group_017	CAKOES020000982.1	13783	32316298
scaff_group_017	CAKOES020000983.1	13753	32330051
scaff_group_017	CAKOES020000984.1	13738	32343789
scaff_group_017	CAKOES020000985.1	13735	32357524
scaff_group_017	CAKOES020000986.1	13727	32371251
scaff_group_017	CAKOES020000987.1	13707	32384958
scaff_group_017	CAKOES020000988.1	13679	32398637
scaff_group_017	CAKOES020000989.1	13662	32412299
scaff_group_017	CAKOES020000990.1	13640	32425939
scaff_group_017	CAKOES020000991.1	13636	32439575
scaff_group_017	CAKOES020000992.1	13583	32453158
scaff_group_017	CAKOES020000993.1	13577	32466735
scaff_group_017	CAKOES020000994.1	13571	32480306
scaff_group_017	CAKOES020000995.1	13523	32493829
scaff_group_017	CAKOES020000996.1	13520	32507349
scaff_group_017	CAKOES020000997.1	13503	32520852
scaff_group_017	CAKOES020000998.1	13485	32534337
scaff_group_017	CAKOES020000999.1	13461	32547798
scaff_group_017	CAKOES020001000.1	13449	32561247
scaff_group_017	CAKOES020001001.1	13446	32574693
scaff_group_017	CAKOES020001002.1	13446	32588139
scaff_group_017	CAKOES020001003.1	13442	32601581
scaff_group_017	CAKOES020001004.1	13430	32615011
scaff_group_017	CAKOES020001005.1	13407	32628418
scaff_group_017	CAKOES020001006.1	13389	32641807
scaff_group_017	CAKOES020001007.1	13387	32655194
scaff_group_017	CAKOES020001008.1	13355	32668549
scaff_group_017	CAKOES020001009.1	13336	32681885
scaff_group_017	CAKOES020001010.1	13327	32695212
scaff_group_017	CAKOES020001011.1	13316	32708528
scaff_group_017	CAKOES020001012.1	13310	32721838
scaff_group_017	CAKOES020001013.1	13295	32735133
scaff_group_017	CAKOES020001014.1	13290	32748423
scaff_group_017	CAKOES020001015.1	13249	32761672
scaff_group_017	CAKOES020001016.1	13238	32774910
scaff_group_017	CAKOES020001017.1	13214	32788124
scaff_group_017	CAKOES020001018.1	13201	32801325
scaff_group_017	CAKOES020001019.1	13198	32814523
scaff_group_017	CAKOES020001020.1	13180	32827703
scaff_group_017	CAKOES020001021.1	13180	32840883
scaff_group_017	CAKOES020001022.1	13134	32854017
scaff_group_017	CAKOES020001023.1	13127	32867144
scaff_group_017	CAKOES020001024.1	13124	32880268
scaff_group_017	CAKOES020001025.1	13116	32893384
scaff_group_017	CAKOES020001026.1	13086	32906470
scaff_group_017	CAKOES020001027.1	13066	32919536
scaff_group_017	CAKOES020001028.1	13056	32932592
scaff_group_017	CAKOES020001029.1	13046	32945638
scaff_group_017	CAKOES020001030.1	13042	32958680
scaff_group_017	CAKOES020001031.1	13034	32971714
scaff_group_017	CAKOES020001032.1	13018	32984732
scaff_group_017	CAKOES020001033.1	12980	32997712
scaff_group_017	CAKOES020001034.1	12977	33010689
scaff_group_017	CAKOES020001035.1	12955	33023644
scaff_group_017	CAKOES020001036.1	12936	33036580
scaff_group_017	CAKOES020001037.1	12906	33049486
scaff_group_017	CAKOES020001038.1	12868	33062354
scaff_group_017	CAKOES020001039.1	12857	33075211
scaff_group_017	CAKOES020001040.1	12788	33087999
scaff_group_017	CAKOES020001041.1	12780	33100779
scaff_group_017	CAKOES020001042.1	12772	33113551
scaff_group_017	CAKOES020001043.1	12725	33126276
scaff_group_017	CAKOES020001044.1	12660	33138936
scaff_group_017	CAKOES020001045.1	12653	33151589
scaff_group_017	CAKOES020001046.1	12643	33164232
scaff_group_017	CAKOES020001047.1	12598	33176830
scaff_group_017	CAKOES020001048.1	12580	33189410
scaff_group_017	CAKOES020001049.1	12518	33201928
scaff_group_017	CAKOES020001050.1	12506	33214434
scaff_group_017	CAKOES020001051.1	12504	33226938
scaff_group_017	CAKOES020001052.1	12496	33239434
scaff_group_017	CAKOES020001053.1	12478	33251912
scaff_group_017	CAKOES020001054.1	12478	33264390
scaff_group_017	CAKOES020001055.1	12468	33276858
scaff_group_017	CAKOES020001056.1	12456	33289314
scaff_group_017	CAKOES020001057.1	12447	33301761
scaff_group_017	CAKOES020001058.1	12395	33314156
scaff_group_017	CAKOES020001059.1	12387	33326543
scaff_group_017	CAKOES020001060.1	12360	33338903
scaff_group_017	CAKOES020001061.1	12323	33351226
scaff_group_017	CAKOES020001062.1	12300	33363526
scaff_group_017	CAKOES020001063.1	12230	33375756
scaff_group_017	CAKOES020001064.1	12209	33387965
scaff_group_017	CAKOES020001065.1	12169	33400134
scaff_group_017	CAKOES020001066.1	12167	33412301
scaff_group_017	CAKOES020001067.1	12165	33424466
scaff_group_017	CAKOES020001068.1	12147	33436613
scaff_group_017	CAKOES020001069.1	12130	33448743
scaff_group_017	CAKOES020001070.1	12128	33460871
scaff_group_017	CAKOES020001071.1	12114	33472985
scaff_group_017	CAKOES020001072.1	12035	33485020
scaff_group_017	CAKOES020001073.1	12029	33497049
scaff_group_017	CAKOES020001074.1	12023	33509072
scaff_group_017	CAKOES020001075.1	12018	33521090
scaff_group_017	CAKOES020001076.1	12009	33533099
scaff_group_017	CAKOES020001077.1	11957	33545056
scaff_group_017	CAKOES020001078.1	11949	33557005
scaff_group_017	CAKOES020001079.1	11913	33568918
scaff_group_017	CAKOES020001080.1	11903	33580821
scaff_group_017	CAKOES020001081.1	11890	33592711
scaff_group_017	CAKOES020001082.1	11868	33604579
scaff_group_017	CAKOES020001083.1	11868	33616447
scaff_group_017	CAKOES020001084.1	11797	33628244
scaff_group_017	CAKOES020001085.1	11779	33640023
scaff_group_017	CAKOES020001086.1	11753	33651776
scaff_group_017	CAKOES020001087.1	11705	33663481
scaff_group_017	CAKOES020001088.1	11672	33675153
scaff_group_017	CAKOES020001089.1	11661	33686814
scaff_group_017	CAKOES020001090.1	11656	33698470
scaff_group_017	CAKOES020001091.1	11615	33710085
scaff_group_017	CAKOES020001092.1	11611	33721696
scaff_group_017	CAKOES020001093.1	11606	33733302
scaff_group_017	CAKOES020001094.1	11590	33744892
scaff_group_017	CAKOES020001095.1	11569	33756461
scaff_group_017	CAKOES020001096.1	11530	33767991
scaff_group_017	CAKOES020001097.1	11515	33779506
scaff_group_017	CAKOES020001098.1	11500	33791006
scaff_group_017	CAKOES020001099.1	11499	33802505
scaff_group_017	CAKOES020001100.1	11480	33813985
scaff_group_017	CAKOES020001101.1	11450	33825435
scaff_group_017	CAKOES020001102.1	11432	33836867
scaff_group_017	CAKOES020001103.1	11431	33848298
scaff_group_017	CAKOES020001104.1	11398	33859696
scaff_group_017	CAKOES020001105.1	11397	33871093
scaff_group_017	CAKOES020001106.1	11392	33882485
scaff_group_017	CAKOES020001107.1	11370	33893855
scaff_group_017	CAKOES020001108.1	11348	33905203
scaff_group_017	CAKOES020001109.1	11316	33916519
scaff_group_017	CAKOES020001110.1	11307	33927826
scaff_group_017	CAKOES020001111.1	11304	33939130
scaff_group_017	CAKOES020001112.1	11285	33950415
scaff_group_017	CAKOES020001113.1	11283	33961698
scaff_group_017	CAKOES020001114.1	11279	33972977
scaff_group_017	CAKOES020001115.1	11264	33984241
scaff_group_017	CAKOES020001116.1	11260	33995501
scaff_group_018	CAKOES020001117.1	11237	34006738
scaff_group_018	CAKOES020001118.1	11231	34017969
scaff_group_018	CAKOES020001119.1	11204	34029173
scaff_group_018	CAKOES020001120.1	11174	34040347
scaff_group_018	CAKOES020001121.1	11164	34051511
scaff_group_018	CAKOES020001122.1	11163	34062674
scaff_group_018	CAKOES020001123.1	11149	34073823
scaff_group_018	CAKOES020001124.1	11124	34084947
scaff_group_018	CAKOES020001125.1	11101	34096048
scaff_group_018	CAKOES020001126.1	11097	34107145
scaff_group_018	CAKOES020001127.1	11087	34118232
scaff_group_018	CAKOES020001128.1	11078	34129310
scaff_group_018	CAKOES020001129.1	11063	34140373
scaff_group_018	CAKOES020001130.1	11055	34151428
scaff_group_018	CAKOES020001131.1	11035	34162463
scaff_group_018	CAKOES020001132.1	11022	34173485
scaff_group_018	CAKOES020001133.1	11016	34184501
scaff_group_018	CAKOES020001134.1	11012	34195513
scaff_group_018	CAKOES020001135.1	11010	34206523
scaff_group_018	CAKOES020001136.1	10962	34217485
scaff_group_018	CAKOES020001137.1	10937	34228422
scaff_group_018	CAKOES020001138.1	10907	34239329
scaff_group_018	CAKOES020001139.1	10898	34250227
scaff_group_018	CAKOES020001140.1	10895	34261122
scaff_group_018	CAKOES020001141.1	10872	34271994
scaff_group_018	CAKOES020001142.1	10858	34282852
scaff_group_018	CAKOES020001143.1	10849	34293701
scaff_group_018	CAKOES020001144.1	10816	34304517
scaff_group_018	CAKOES020001145.1	10805	34315322
scaff_group_018	CAKOES020001146.1	10790	34326112
scaff_group_018	CAKOES020001147.1	10748	34336860
scaff_group_018	CAKOES020001148.1	10745	34347605
scaff_group_018	CAKOES020001149.1	10721	34358326
scaff_group_018	CAKOES020001150.1	10713	34369039
scaff_group_018	CAKOES020001151.1	10708	34379747
scaff_group_018	CAKOES020001152.1	10703	34390450
scaff_group_018	CAKOES020001153.1	10702	34401152
scaff_group_018	CAKOES020001154.1	10701	34411853
scaff_group_018	CAKOES020001155.1	10699	34422552
scaff_group_018	CAKOES020001156.1	10688	34433240
scaff_group_018	CAKOES020001157.1	10687	34443927
scaff_group_018	CAKOES020001158.1	10661	34454588
scaff_group_018	CAKOES020001159.1	10654	34465242
scaff_group_018	CAKOES020001160.1	10646	34475888
scaff_group_018	CAKOES020001161.1	10604	34486492
scaff_group_018	CAKOES020001162.1	10580	34497072
scaff_group_018	CAKOES020001163.1	10557	34507629
scaff_group_018	CAKOES020001164.1	10534	34518163
scaff_group_018	CAKOES020001165.1	10531	34528694
scaff_group_018	CAKOES020001166.1	10525	34539219
scaff_group_018	CAKOES020001167.1	10506	34549725
scaff_group_018	CAKOES020001168.1	10486	34560211
scaff_group_018	CAKOES020001169.1	10442	34570653
scaff_group_018	CAKOES020001170.1	10403	34581056
scaff_group_018	CAKOES020001171.1	10307	34591363
scaff_group_018	CAKOES020001172.1	10302	34601665
scaff_group_018	CAKOES020001173.1	10275	34611940
scaff_group_018	CAKOES020001174.1	10261	34622201
scaff_group_018	CAKOES020001175.1	10229	34632430
scaff_group_018	CAKOES020001176.1	10209	34642639
scaff_group_018	CAKOES020001177.1	10172	34652811
scaff_group_018	CAKOES020001178.1	10160	34662971
scaff_group_018	CAKOES020001179.1	10156	34673127
scaff_group_018	CAKOES020001180.1	10142	34683269
scaff_group_018	CAKOES020001181.1	10137	34693406
scaff_group_018	CAKOES020001182.1	10128	34703534
scaff_group_018	CAKOES020001183.1	10127	34713661
scaff_group_018	CAKOES020001184.1	10116	34723777
scaff_group_018	CAKOES020001185.1	10088	34733865
scaff_group_018	CAKOES020001186.1	10088	34743953
scaff_group_018	CAKOES020001187.1	10082	34754035
scaff_group_018	CAKOES020001188.1	10069	34764104
scaff_group_018	CAKOES020001189.1	10059	34774163
scaff_group_018	CAKOES020001190.1	10051	34784214
scaff_group_018	CAKOES020001191.1	10048	34794262
scaff_group_018	CAKOES020001192.1	10037	34804299
scaff_group_018	CAKOES020001193.1	10022	34814321
scaff_group_018	CAKOES020001194.1	10012	34824333
scaff_group_018	CAKOES020001195.1	9960	34834293
scaff_group_018	CAKOES020001196.1	9933	34844226
scaff_group_018	CAKOES020001197.1	9925	34854151
scaff_group_018	CAKOES020001198.1	9891	34864042
scaff_group_018	CAKOES020001199.1	9861	34873903
scaff_group_018	CAKOES020001200.1	9786	34883689
scaff_group_018	CAKOES020001201.1	9771	34893460
scaff_group_018	CAKOES020001202.1	9738	34903198
scaff_group_018	CAKOES020001203.1	9725	34912923
scaff_group_018	CAKOES020001204.1	9698	34922621
scaff_group_018	CAKOES020001205.1	9696	34932317
scaff_group_018	CAKOES020001206.1	9694	34942011
scaff_group_018	CAKOES020001207.1	9692	34951703
scaff_group_018	CAKOES020001208.1	9691	34961394
scaff_group_018	CAKOES020001209.1	9691	34971085
scaff_group_018	CAKOES020001210.1	9691	34980776
scaff_group_018	CAKOES020001211.1	9676	34990452
scaff_group_018	CAKOES020001212.1	9668	35000120
scaff_group_018	CAKOES020001213.1	9651	35009771
scaff_group_018	CAKOES020001214.1	9632	35019403
scaff_group_018	CAKOES020001215.1	9613	35029016
scaff_group_018	CAKOES020001216.1	9612	35038628
scaff_group_018	CAKOES020001217.1	9608	35048236
scaff_group_018	CAKOES020001218.1	9546	35057782
scaff_group_018	CAKOES020001219.1	9536	35067318
scaff_group_018	CAKOES020001220.1	9531	35076849
scaff_group_018	CAKOES020001221.1	9528	35086377
scaff_group_018	CAKOES020001222.1	9503	35095880
scaff_group_018	CAKOES020001223.1	9502	35105382
scaff_group_018	CAKOES020001224.1	9499	35114881
scaff_group_018	CAKOES020001225.1	9487	35124368
scaff_group_018	CAKOES020001226.1	9475	35133843
scaff_group_018	CAKOES020001227.1	9463	35143306
scaff_group_018	CAKOES020001228.1	9440	35152746
scaff_group_018	CAKOES020001229.1	9439	35162185
scaff_group_018	CAKOES020001230.1	9429	35171614
scaff_group_018	CAKOES020001231.1	9414	35181028
scaff_group_018	CAKOES020001232.1	9365	35190393
scaff_group_018	CAKOES020001233.1	9356	35199749
scaff_group_018	CAKOES020001234.1	9344	35209093
scaff_group_018	CAKOES020001235.1	9338	35218431
scaff_group_018	CAKOES020001236.1	9330	35227761
scaff_group_018	CAKOES020001237.1	9330	35237091
scaff_group_018	CAKOES020001238.1	9309	35246400
scaff_group_018	CAKOES020001239.1	9290	35255690
scaff_group_018	CAKOES020001240.1	9290	35264980
scaff_group_018	CAKOES020001241.1	9281	35274261
scaff_group_018	CAKOES020001242.1	9262	35283523
scaff_group_018	CAKOES020001243.1	9253	35292776
scaff_group_018	CAKOES020001244.1	9229	35302005
scaff_group_018	CAKOES020001245.1	9221	35311226
scaff_group_018	CAKOES020001246.1	9210	35320436
scaff_group_018	CAKOES020001247.1	9209	35329645
scaff_group_018	CAKOES020001248.1	9193	35338838
scaff_group_018	CAKOES020001249.1	9184	35348022
scaff_group_018	CAKOES020001250.1	9153	35357175
scaff_group_018	CAKOES020001251.1	9116	35366291
scaff_group_018	CAKOES020001252.1	9098	35375389
scaff_group_018	CAKOES020001253.1	9067	35384456
scaff_group_018	CAKOES020001254.1	9023	35393479
scaff_group_018	CAKOES020001255.1	9015	35402494
scaff_group_018	CAKOES020001256.1	8988	35411482
scaff_group_018	CAKOES020001257.1	8978	35420460
scaff_group_018	CAKOES020001258.1	8967	35429427
scaff_group_018	CAKOES020001259.1	8934	35438361
scaff_group_018	CAKOES020001260.1	8932	35447293
scaff_group_018	CAKOES020001261.1	8922	35456215
scaff_group_018	CAKOES020001262.1	8908	35465123
scaff_group_018	CAKOES020001263.1	8900	35474023
scaff_group_018	CAKOES020001264.1	8891	35482914
scaff_group_018	CAKOES020001265.1	8888	35491802
scaff_group_018	CAKOES020001266.1	8874	35500676
scaff_group_018	CAKOES020001267.1	8871	35509547
scaff_group_018	CAKOES020001268.1	8856	35518403
scaff_group_018	CAKOES020001269.1	8853	35527256
scaff_group_018	CAKOES020001270.1	8852	35536108
scaff_group_018	CAKOES020001271.1	8838	35544946
scaff_group_018	CAKOES020001272.1	8830	35553776
scaff_group_018	CAKOES020001273.1	8803	35562579
scaff_group_018	CAKOES020001274.1	8799	35571378
scaff_group_018	CAKOES020001275.1	8782	35580160
scaff_group_018	CAKOES020001276.1	8770	35588930
scaff_group_018	CAKOES020001277.1	8739	35597669
scaff_group_018	CAKOES020001278.1	8721	35606390
scaff_group_018	CAKOES020001279.1	8717	35615107
scaff_group_018	CAKOES020001280.1	8695	35623802
scaff_group_018	CAKOES020001281.1	8689	35632491
scaff_group_018	CAKOES020001282.1	8666	35641157
scaff_group_018	CAKOES020001283.1	8621	35649778
scaff_group_018	CAKOES020001284.1	8603	35658381
scaff_group_018	CAKOES020001285.1	8600	35666981
scaff_group_018	CAKOES020001286.1	8587	35675568
scaff_group_018	CAKOES020001287.1	8587	35684155
scaff_group_018	CAKOES020001288.1	8580	35692735
scaff_group_018	CAKOES020001289.1	8578	35701313
scaff_group_018	CAKOES020001290.1	8573	35709886
scaff_group_018	CAKOES020001291.1	8571	35718457
scaff_group_018	CAKOES020001292.1	8558	35727015
scaff_group_018	CAKOES020001293.1	8557	35735572
scaff_group_018	CAKOES020001294.1	8554	35744126
scaff_group_018	CAKOES020001295.1	8506	35752632
scaff_group_018	CAKOES020001296.1	8500	35761132
scaff_group_018	CAKOES020001297.1	8499	35769631
scaff_group_018	CAKOES020001298.1	8498	35778129
scaff_group_018	CAKOES020001299.1	8490	35786619
scaff_group_018	CAKOES020001300.1	8487	35795106
scaff_group_018	CAKOES020001301.1	8424	35803530
scaff_group_018	CAKOES020001302.1	8422	35811952
scaff_group_018	CAKOES020001303.1	8401	35820353
scaff_group_018	CAKOES020001304.1	8385	35828738
scaff_group_018	CAKOES020001305.1	8378	35837116
scaff_group_018	CAKOES020001306.1	8375	35845491
scaff_group_018	CAKOES020001307.1	8374	35853865
scaff_group_018	CAKOES020001308.1	8374	35862239
scaff_group_018	CAKOES020001309.1	8347	35870586
scaff_group_018	CAKOES020001310.1	8320	35878906
scaff_group_018	CAKOES020001311.1	8319	35887225
scaff_group_018	CAKOES020001312.1	8304	35895529
scaff_group_018	CAKOES020001313.1	8291	35903820
scaff_group_018	CAKOES020001314.1	8283	35912103
scaff_group_018	CAKOES020001315.1	8274	35920377
scaff_group_018	CAKOES020001316.1	8269	35928646
scaff_group_018	CAKOES020001317.1	8253	35936899
scaff_group_018	CAKOES020001318.1	8252	35945151
scaff_group_018	CAKOES020001319.1	8249	35953400
scaff_group_018	CAKOES020001320.1	8249	35961649
scaff_group_018	CAKOES020001321.1	8247	35969896
scaff_group_018	CAKOES020001322.1	8247	35978143
scaff_group_018	CAKOES020001323.1	8216	35986359
scaff_group_018	CAKOES020001324.1	8176	35994535
scaff_group_019	CAKOES020001325.1	8176	36002711
scaff_group_019	CAKOES020001326.1	8164	36010875
scaff_group_019	CAKOES020001327.1	8161	36019036
scaff_group_019	CAKOES020001328.1	8157	36027193
scaff_group_019	CAKOES020001329.1	8133	36035326
scaff_group_019	CAKOES020001330.1	8119	36043445
scaff_group_019	CAKOES020001331.1	8092	36051537
scaff_group_019	CAKOES020001332.1	8074	36059611
scaff_group_019	CAKOES020001333.1	8059	36067670
scaff_group_019	CAKOES020001334.1	8050	36075720
scaff_group_019	CAKOES020001335.1	8042	36083762
scaff_group_019	CAKOES020001336.1	8041	36091803
scaff_group_019	CAKOES020001337.1	8034	36099837
scaff_group_019	CAKOES020001338.1	8030	36107867
scaff_group_019	CAKOES020001339.1	8022	36115889
scaff_group_019	CAKOES020001340.1	8007	36123896
scaff_group_019	CAKOES020001341.1	8006	36131902
scaff_group_019	CAKOES020001342.1	8004	36139906
scaff_group_019	CAKOES020001343.1	8002	36147908
scaff_group_019	CAKOES020001344.1	7985	36155893
scaff_group_019	CAKOES020001345.1	7962	36163855
scaff_group_019	CAKOES020001346.1	7943	36171798
scaff_group_019	CAKOES020001347.1	7932	36179730
scaff_group_019	CAKOES020001348.1	7929	36187659
scaff_group_019	CAKOES020001349.1	7925	36195584
scaff_group_019	CAKOES020001350.1	7922	36203506
scaff_group_019	CAKOES020001351.1	7885	36211391
scaff_group_019	CAKOES020001352.1	7877	36219268
scaff_group_019	CAKOES020001353.1	7870	36227138
scaff_group_019	CAKOES020001354.1	7856	36234994
scaff_group_019	CAKOES020001355.1	7840	36242834
scaff_group_019	CAKOES020001356.1	7830	36250664
scaff_group_019	CAKOES020001357.1	7817	36258481
scaff_group_019	CAKOES020001358.1	7804	36266285
scaff_group_019	CAKOES020001359.1	7800	36274085
scaff_group_019	CAKOES020001360.1	7796	36281881
scaff_group_019	CAKOES020001361.1	7759	36289640
scaff_group_019	CAKOES020001362.1	7739	36297379
scaff_group_019	CAKOES020001363.1	7731	36305110
scaff_group_019	CAKOES020001364.1	7726	36312836
scaff_group_019	CAKOES020001365.1	7720	36320556
scaff_group_019	CAKOES020001366.1	7707	36328263
scaff_group_019	CAKOES020001367.1	7698	36335961
scaff_group_019	CAKOES020001368.1	7697	36343658
scaff_group_019	CAKOES020001369.1	7687	36351345
scaff_group_019	CAKOES020001370.1	7676	36359021
scaff_group_019	CAKOES020001371.1	7670	36366691
scaff_group_019	CAKOES020001372.1	7660	36374351
scaff_group_019	CAKOES020001373.1	7658	36382009
scaff_group_019	CAKOES020001374.1	7649	36389658
scaff_group_019	CAKOES020001375.1	7648	36397306
scaff_group_019	CAKOES020001376.1	7641	36404947
scaff_group_019	CAKOES020001377.1	7636	36412583
scaff_group_019	CAKOES020001378.1	7631	36420214
scaff_group_019	CAKOES020001379.1	7628	36427842
scaff_group_019	CAKOES020001380.1	7624	36435466
scaff_group_019	CAKOES020001381.1	7622	36443088
scaff_group_019	CAKOES020001382.1	7617	36450705
scaff_group_019	CAKOES020001383.1	7617	36458322
scaff_group_019	CAKOES020001384.1	7613	36465935
scaff_group_019	CAKOES020001385.1	7607	36473542
scaff_group_019	CAKOES020001386.1	7605	36481147
scaff_group_019	CAKOES020001387.1	7603	36488750
scaff_group_019	CAKOES020001388.1	7577	36496327
scaff_group_019	CAKOES020001389.1	7555	36503882
scaff_group_019	CAKOES020001390.1	7551	36511433
scaff_group_019	CAKOES020001391.1	7541	36518974
scaff_group_019	CAKOES020001392.1	7519	36526493
scaff_group_019	CAKOES020001393.1	7499	36533992
scaff_group_019	CAKOES020001394.1	7487	36541479
scaff_group_019	CAKOES020001395.1	7462	36548941
scaff_group_019	CAKOES020001396.1	7459	36556400
scaff_group_019	CAKOES020001397.1	7431	36563831
scaff_group_019	CAKOES020001398.1	7414	36571245
scaff_group_019	CAKOES020001399.1	7379	36578624
scaff_group_019	CAKOES020001400.1	7325	36585949
scaff_group_019	CAKOES020001401.1	7302	36593251
scaff_group_019	CAKOES020001402.1	7275	36600526
scaff_group_019	CAKOES020001403.1	7234	36607760
scaff_group_019	CAKOES020001404.1	7226	36614986
scaff_group_019	CAKOES020001405.1	7226	36622212
scaff_group_019	CAKOES020001406.1	7220	36629432
scaff_group_019	CAKOES020001407.1	7194	36636626
scaff_group_019	CAKOES020001408.1	7182	36643808
scaff_group_019	CAKOES020001409.1	7181	36650989
scaff_group_019	CAKOES020001410.1	7178	36658167
scaff_group_019	CAKOES020001411.1	7132	36665299
scaff_group_019	CAKOES020001412.1	7129	36672428
scaff_group_019	CAKOES020001413.1	7128	36679556
scaff_group_019	CAKOES020001414.1	7126	36686682
scaff_group_019	CAKOES020001415.1	7117	36693799
scaff_group_019	CAKOES020001416.1	7116	36700915
scaff_group_019	CAKOES020001417.1	7095	36708010
scaff_group_019	CAKOES020001418.1	7093	36715103
scaff_group_019	CAKOES020001419.1	7079	36722182
scaff_group_019	CAKOES020001420.1	7062	36729244
scaff_group_019	CAKOES020001421.1	7057	36736301
scaff_group_019	CAKOES020001422.1	7055	36743356
scaff_group_019	CAKOES020001423.1	7050	36750406
scaff_group_019	CAKOES020001424.1	7050	36757456
scaff_group_019	CAKOES020001425.1	7046	36764502
scaff_group_019	CAKOES020001426.1	7038	36771540
scaff_group_019	CAKOES020001427.1	7030	36778570
scaff_group_019	CAKOES020001428.1	7030	36785600
scaff_group_019	CAKOES020001429.1	7017	36792617
scaff_group_019	CAKOES020001430.1	7004	36799621
scaff_group_019	CAKOES020001431.1	6991	36806612
scaff_group_019	CAKOES020001432.1	6983	36813595
scaff_group_019	CAKOES020001433.1	6965	36820560
scaff_group_019	CAKOES020001434.1	6948	36827508
scaff_group_019	CAKOES020001435.1	6928	36834436
scaff_group_019	CAKOES020001436.1	6926	36841362
scaff_group_019	CAKOES020001437.1	6867	36848229
scaff_group_019	CAKOES020001438.1	6857	36855086
scaff_group_019	CAKOES020001439.1	6852	36861938
scaff_group_019	CAKOES020001440.1	6842	36868780
scaff_group_019	CAKOES020001441.1	6839	36875619
scaff_group_019	CAKOES020001442.1	6821	36882440
scaff_group_019	CAKOES020001443.1	6796	36889236
scaff_group_019	CAKOES020001444.1	6774	36896010
scaff_group_019	CAKOES020001445.1	6754	36902764
scaff_group_019	CAKOES020001446.1	6734	36909498
scaff_group_019	CAKOES020001447.1	6729	36916227
scaff_group_019	CAKOES020001448.1	6720	36922947
scaff_group_019	CAKOES020001449.1	6716	36929663
scaff_group_019	CAKOES020001450.1	6713	36936376
scaff_group_019	CAKOES020001451.1	6698	36943074
scaff_group_019	CAKOES020001452.1	6695	36949769
scaff_group_019	CAKOES020001453.1	6681	36956450
scaff_group_019	CAKOES020001454.1	6665	36963115
scaff_group_019	CAKOES020001455.1	6652	36969767
scaff_group_019	CAKOES020001456.1	6641	36976408
scaff_group_019	CAKOES020001457.1	6629	36983037
scaff_group_019	CAKOES020001458.1	6621	36989658
scaff_group_019	CAKOES020001459.1	6603	36996261
scaff_group_019	CAKOES020001460.1	6600	37002861
scaff_group_019	CAKOES020001461.1	6595	37009456
scaff_group_019	CAKOES020001462.1	6580	37016036
scaff_group_019	CAKOES020001463.1	6579	37022615
scaff_group_019	CAKOES020001464.1	6575	37029190
scaff_group_019	CAKOES020001465.1	6555	37035745
scaff_group_019	CAKOES020001466.1	6554	37042299
scaff_group_019	CAKOES020001467.1	6551	37048850
scaff_group_019	CAKOES020001468.1	6542	37055392
scaff_group_019	CAKOES020001469.1	6531	37061923
scaff_group_019	CAKOES020001470.1	6527	37068450
scaff_group_019	CAKOES020001471.1	6525	37074975
scaff_group_019	CAKOES020001472.1	6522	37081497
scaff_group_019	CAKOES020001473.1	6506	37088003
scaff_group_019	CAKOES020001474.1	6505	37094508
scaff_group_019	CAKOES020001475.1	6500	37101008
scaff_group_019	CAKOES020001476.1	6498	37107506
scaff_group_019	CAKOES020001477.1	6487	37113993
scaff_group_019	CAKOES020001478.1	6474	37120467
scaff_group_019	CAKOES020001479.1	6466	37126933
scaff_group_019	CAKOES020001480.1	6464	37133397
scaff_group_019	CAKOES020001481.1	6459	37139856
scaff_group_019	CAKOES020001482.1	6459	37146315
scaff_group_019	CAKOES020001483.1	6450	37152765
scaff_group_019	CAKOES020001484.1	6449	37159214
scaff_group_019	CAKOES020001485.1	6448	37165662
scaff_group_019	CAKOES020001486.1	6444	37172106
scaff_group_019	CAKOES020001487.1	6442	37178548
scaff_group_019	CAKOES020001488.1	6435	37184983
scaff_group_019	CAKOES020001489.1	6432	37191415
scaff_group_019	CAKOES020001490.1	6424	37197839
scaff_group_019	CAKOES020001491.1	6417	37204256
scaff_group_019	CAKOES020001492.1	6403	37210659
scaff_group_019	CAKOES020001493.1	6397	37217056
scaff_group_019	CAKOES020001494.1	6392	37223448
scaff_group_019	CAKOES020001495.1	6389	37229837
scaff_group_019	CAKOES020001496.1	6389	37236226
scaff_group_019	CAKOES020001497.1	6378	37242604
scaff_group_019	CAKOES020001498.1	6372	37248976
scaff_group_019	CAKOES020001499.1	6367	37255343
scaff_group_019	CAKOES020001500.1	6361	37261704
scaff_group_019	CAKOES020001501.1	6351	37268055
scaff_group_019	CAKOES020001502.1	6351	37274406
scaff_group_019	CAKOES020001503.1	6348	37280754
scaff_group_019	CAKOES020001504.1	6343	37287097
scaff_group_019	CAKOES020001505.1	6342	37293439
scaff_group_019	CAKOES020001506.1	6339	37299778
scaff_group_019	CAKOES020001507.1	6324	37306102
scaff_group_019	CAKOES020001508.1	6323	37312425
scaff_group_019	CAKOES020001509.1	6320	37318745
scaff_group_019	CAKOES020001510.1	6281	37325026
scaff_group_019	CAKOES020001511.1	6276	37331302
scaff_group_019	CAKOES020001512.1	6251	37337553
scaff_group_019	CAKOES020001513.1	6237	37343790
scaff_group_019	CAKOES020001514.1	6226	37350016
scaff_group_019	CAKOES020001515.1	6221	37356237
scaff_group_019	CAKOES020001516.1	6195	37362432
scaff_group_019	CAKOES020001517.1	6159	37368591
scaff_group_019	CAKOES020001518.1	6157	37374748
scaff_group_019	CAKOES020001519.1	6153	37380901
scaff_group_019	CAKOES020001520.1	6133	37387034
scaff_group_019	CAKOES020001521.1	6109	37393143
scaff_group_019	CAKOES020001522.1	6093	37399236
scaff_group_019	CAKOES020001523.1	6093	37405329
scaff_group_019	CAKOES020001524.1	6088	37411417
scaff_group_019	CAKOES020001525.1	6078	37417495
scaff_group_019	CAKOES020001526.1	6045	37423540
scaff_group_019	CAKOES020001527.1	6028	37429568
scaff_group_019	CAKOES020001528.1	6026	37435594
scaff_group_019	CAKOES020001529.1	6020	37441614
scaff_group_019	CAKOES020001530.1	6019	37447633
scaff_group_019	CAKOES020001531.1	6003	37453636
scaff_group_019	CAKOES020001532.1	6003	37459639
scaff_group_019	CAKOES020001533.1	6000	37465639
scaff_group_019	CAKOES020001534.1	5997	37471636
scaff_group_019	CAKOES020001535.1	5997	37477633
scaff_group_019	CAKOES020001536.1	5983	37483616
scaff_group_019	CAKOES020001537.1	5950	37489566
scaff_group_019	CAKOES020001538.1	5948	37495514
scaff_group_019	CAKOES020001539.1	5927	37501441
scaff_group_019	CAKOES020001540.1	5926	37507367
scaff_group_019	CAKOES020001541.1	5914	37513281
scaff_group_019	CAKOES020001542.1	5889	37519170
scaff_group_019	CAKOES020001543.1	5882	37525052
scaff_group_019	CAKOES020001544.1	5877	37530929
scaff_group_019	CAKOES020001545.1	5845	37536774
scaff_group_019	CAKOES020001546.1	5845	37542619
scaff_group_019	CAKOES020001547.1	5826	37548445
scaff_group_019	CAKOES020001548.1	5824	37554269
scaff_group_019	CAKOES020001549.1	5821	37560090
scaff_group_019	CAKOES020001550.1	5811	37565901
scaff_group_019	CAKOES020001551.1	5798	37571699
scaff_group_019	CAKOES020001552.1	5789	37577488
scaff_group_019	CAKOES020001553.1	5769	37583257
scaff_group_019	CAKOES020001554.1	5768	37589025
scaff_group_019	CAKOES020001555.1	5766	37594791
scaff_group_019	CAKOES020001556.1	5747	37600538
scaff_group_019	CAKOES020001557.1	5739	37606277
scaff_group_019	CAKOES020001558.1	5737	37612014
scaff_group_019	CAKOES020001559.1	5733	37617747
scaff_group_019	CAKOES020001560.1	5732	37623479
scaff_group_019	CAKOES020001561.1	5730	37629209
scaff_group_019	CAKOES020001562.1	5719	37634928
scaff_group_019	CAKOES020001563.1	5718	37640646
scaff_group_019	CAKOES020001564.1	5699	37646345
scaff_group_019	CAKOES020001565.1	5676	37652021
scaff_group_019	CAKOES020001566.1	5671	37657692
scaff_group_019	CAKOES020001567.1	5669	37663361
scaff_group_019	CAKOES020001568.1	5666	37669027
scaff_group_019	CAKOES020001569.1	5660	37674687
scaff_group_019	CAKOES020001570.1	5659	37680346
scaff_group_019	CAKOES020001571.1	5651	37685997
scaff_group_019	CAKOES020001572.1	5650	37691647
scaff_group_019	CAKOES020001573.1	5648	37697295
scaff_group_019	CAKOES020001574.1	5645	37702940
scaff_group_019	CAKOES020001575.1	5642	37708582
scaff_group_019	CAKOES020001576.1	5630	37714212
scaff_group_019	CAKOES020001577.1	5619	37719831
scaff_group_019	CAKOES020001578.1	5619	37725450
scaff_group_019	CAKOES020001579.1	5617	37731067
scaff_group_019	CAKOES020001580.1	5608	37736675
scaff_group_019	CAKOES020001581.1	5603	37742278
scaff_group_019	CAKOES020001582.1	5601	37747879
scaff_group_019	CAKOES020001583.1	5593	37753472
scaff_group_019	CAKOES020001584.1	5592	37759064
scaff_group_019	CAKOES020001585.1	5553	37764617
scaff_group_019	CAKOES020001586.1	5549	37770166
scaff_group_019	CAKOES020001587.1	5542	37775708
scaff_group_019	CAKOES020001588.1	5540	37781248
scaff_group_019	CAKOES020001589.1	5537	37786785
scaff_group_019	CAKOES020001590.1	5532	37792317
scaff_group_019	CAKOES020001591.1	5519	37797836
scaff_group_019	CAKOES020001592.1	5500	37803336
scaff_group_019	CAKOES020001593.1	5491	37808827
scaff_group_019	CAKOES020001594.1	5478	37814305
scaff_group_019	CAKOES020001595.1	5463	37819768
scaff_group_019	CAKOES020001596.1	5452	37825220
scaff_group_019	CAKOES020001597.1	5422	37830642
scaff_group_019	CAKOES020001598.1	5420	37836062
scaff_group_019	CAKOES020001599.1	5418	37841480
scaff_group_019	CAKOES020001600.1	5413	37846893
scaff_group_019	CAKOES020001601.1	5407	37852300
scaff_group_019	CAKOES020001602.1	5406	37857706
scaff_group_019	CAKOES020001603.1	5399	37863105
scaff_group_019	CAKOES020001604.1	5376	37868481
scaff_group_019	CAKOES020001605.1	5376	37873857
scaff_group_019	CAKOES020001606.1	5374	37879231
scaff_group_019	CAKOES020001607.1	5370	37884601
scaff_group_019	CAKOES020001608.1	5369	37889970
scaff_group_019	CAKOES020001609.1	5367	37895337
scaff_group_019	CAKOES020001610.1	5349	37900686
scaff_group_019	CAKOES020001611.1	5343	37906029
scaff_group_019	CAKOES020001612.1	5339	37911368
scaff_group_019	CAKOES020001613.1	5337	37916705
scaff_group_019	CAKOES020001614.1	5324	37922029
scaff_group_019	CAKOES020001615.1	5318	37927347
scaff_group_019	CAKOES020001616.1	5310	37932657
scaff_group_019	CAKOES020001617.1	5309	37937966
scaff_group_019	CAKOES020001618.1	5303	37943269
scaff_group_019	CAKOES020001619.1	5297	37948566
scaff_group_019	CAKOES020001620.1	5296	37953862
scaff_group_019	CAKOES020001621.1	5292	37959154
scaff_group_019	CAKOES020001622.1	5285	37964439
scaff_group_019	CAKOES020001623.1	5277	37969716
scaff_group_019	CAKOES020001624.1	5260	37974976
scaff_group_019	CAKOES020001625.1	5253	37980229
scaff_group_019	CAKOES020001626.1	5252	37985481
scaff_group_019	CAKOES020001627.1	5246	37990727
scaff_group_019	CAKOES020001628.1	5233	37995960
scaff_group_020	CAKOES020001629.1	5226	38001186
scaff_group_020	CAKOES020001630.1	5225	38006411
scaff_group_020	CAKOES020001631.1	5225	38011636
scaff_group_020	CAKOES020001632.1	5214	38016850
scaff_group_020	CAKOES020001633.1	5209	38022059
scaff_group_020	CAKOES020001634.1	5194	38027253
scaff_group_020	CAKOES020001635.1	5188	38032441
scaff_group_020	CAKOES020001636.1	5185	38037626
scaff_group_020	CAKOES020001637.1	5181	38042807
scaff_group_020	CAKOES020001638.1	5178	38047985
scaff_group_020	CAKOES020001639.1	5178	38053163
scaff_group_020	CAKOES020001640.1	5173	38058336
scaff_group_020	CAKOES020001641.1	5147	38063483
scaff_group_020	CAKOES020001642.1	5137	38068620
scaff_group_020	CAKOES020001643.1	5124	38073744
scaff_group_020	CAKOES020001644.1	5092	38078836
scaff_group_020	CAKOES020001645.1	5089	38083925
scaff_group_020	CAKOES020001646.1	5089	38089014
scaff_group_020	CAKOES020001647.1	5078	38094092
scaff_group_020	CAKOES020001648.1	5066	38099158
scaff_group_020	CAKOES020001649.1	5058	38104216
scaff_group_020	CAKOES020001650.1	5056	38109272
scaff_group_020	CAKOES020001651.1	5040	38114312
scaff_group_020	CAKOES020001652.1	5037	38119349
scaff_group_020	CAKOES020001653.1	5032	38124381
scaff_group_020	CAKOES020001654.1	5027	38129408
scaff_group_020	CAKOES020001655.1	5026	38134434
scaff_group_020	CAKOES020001656.1	5018	38139452
scaff_group_020	CAKOES020001657.1	5017	38144469
scaff_group_020	CAKOES020001658.1	5017	38149486
scaff_group_020	CAKOES020001659.1	5010	38154496
scaff_group_020	CAKOES020001660.1	5010	38159506
scaff_group_020	CAKOES020001661.1	4983	38164489
scaff_group_020	CAKOES020001662.1	4974	38169463
scaff_group_020	CAKOES020001663.1	4970	38174433
scaff_group_020	CAKOES020001664.1	4936	38179369
scaff_group_020	CAKOES020001665.1	4932	38184301
scaff_group_020	CAKOES020001666.1	4924	38189225
scaff_group_020	CAKOES020001667.1	4913	38194138
scaff_group_020	CAKOES020001668.1	4910	38199048
scaff_group_020	CAKOES020001669.1	4907	38203955
scaff_group_020	CAKOES020001670.1	4897	38208852
scaff_group_020	CAKOES020001671.1	4888	38213740
scaff_group_020	CAKOES020001672.1	4881	38218621
scaff_group_020	CAKOES020001673.1	4870	38223491
scaff_group_020	CAKOES020001674.1	4865	38228356
scaff_group_020	CAKOES020001675.1	4861	38233217
scaff_group_020	CAKOES020001676.1	4861	38238078
scaff_group_020	CAKOES020001677.1	4850	38242928
scaff_group_020	CAKOES020001678.1	4823	38247751
scaff_group_020	CAKOES020001679.1	4812	38252563
scaff_group_020	CAKOES020001680.1	4807	38257370
scaff_group_020	CAKOES020001681.1	4800	38262170
scaff_group_020	CAKOES020001682.1	4781	38266951
scaff_group_020	CAKOES020001683.1	4772	38271723
scaff_group_020	CAKOES020001684.1	4770	38276493
scaff_group_020	CAKOES020001685.1	4766	38281259
scaff_group_020	CAKOES020001686.1	4756	38286015
scaff_group_020	CAKOES020001687.1	4752	38290767
scaff_group_020	CAKOES020001688.1	4751	38295518
scaff_group_020	CAKOES020001689.1	4745	38300263
scaff_group_020	CAKOES020001690.1	4732	38304995
scaff_group_020	CAKOES020001691.1	4722	38309717
scaff_group_020	CAKOES020001692.1	4715	38314432
scaff_group_020	CAKOES020001693.1	4704	38319136
scaff_group_020	CAKOES020001694.1	4700	38323836
scaff_group_020	CAKOES020001695.1	4698	38328534
scaff_group_020	CAKOES020001696.1	4678	38333212
scaff_group_020	CAKOES020001697.1	4661	38337873
scaff_group_020	CAKOES020001698.1	4648	38342521
scaff_group_020	CAKOES020001699.1	4638	38347159
scaff_group_020	CAKOES020001700.1	4637	38351796
scaff_group_020	CAKOES020001701.1	4633	38356429
scaff_group_020	CAKOES020001702.1	4630	38361059
scaff_group_020	CAKOES020001703.1	4630	38365689
scaff_group_020	CAKOES020001704.1	4626	38370315
scaff_group_020	CAKOES020001705.1	4612	38374927
scaff_group_020	CAKOES020001706.1	4608	38379535
scaff_group_020	CAKOES020001707.1	4604	38384139
scaff_group_020	CAKOES020001708.1	4600	38388739
scaff_group_020	CAKOES020001709.1	4591	38393330
scaff_group_020	CAKOES020001710.1	4585	38397915
scaff_group_020	CAKOES020001711.1	4582	38402497
scaff_group_020	CAKOES020001712.1	4579	38407076
scaff_group_020	CAKOES020001713.1	4575	38411651
scaff_group_020	CAKOES020001714.1	4574	38416225
scaff_group_020	CAKOES020001715.1	4567	38420792
scaff_group_020	CAKOES020001716.1	4565	38425357
scaff_group_020	CAKOES020001717.1	4565	38429922
scaff_group_020	CAKOES020001718.1	4559	38434481
scaff_group_020	CAKOES020001719.1	4555	38439036
scaff_group_020	CAKOES020001720.1	4554	38443590
scaff_group_020	CAKOES020001721.1	4553	38448143
scaff_group_020	CAKOES020001722.1	4549	38452692
scaff_group_020	CAKOES020001723.1	4519	38457211
scaff_group_020	CAKOES020001724.1	4513	38461724
scaff_group_020	CAKOES020001725.1	4513	38466237
scaff_group_020	CAKOES020001726.1	4512	38470749
scaff_group_020	CAKOES020001727.1	4506	38475255
scaff_group_020	CAKOES020001728.1	4500	38479755
scaff_group_020	CAKOES020001729.1	4497	38484252
scaff_group_020	CAKOES020001730.1	4490	38488742
scaff_group_020	CAKOES020001731.1	4486	38493228
scaff_group_020	CAKOES020001732.1	4480	38497708
scaff_group_020	CAKOES020001733.1	4472	38502180
scaff_group_020	CAKOES020001734.1	4470	38506650
scaff_group_020	CAKOES020001735.1	4461	38511111
scaff_group_020	CAKOES020001736.1	4461	38515572
scaff_group_020	CAKOES020001737.1	4461	38520033
scaff_group_020	CAKOES020001738.1	4458	38524491
scaff_group_020	CAKOES020001739.1	4452	38528943
scaff_group_020	CAKOES020001740.1	4451	38533394
scaff_group_020	CAKOES020001741.1	4448	38537842
scaff_group_020	CAKOES020001742.1	4440	38542282
scaff_group_020	CAKOES020001743.1	4439	38546721
scaff_group_020	CAKOES020001744.1	4438	38551159
scaff_group_020	CAKOES020001745.1	4436	38555595
scaff_group_020	CAKOES020001746.1	4434	38560029
scaff_group_020	CAKOES020001747.1	4432	38564461
scaff_group_020	CAKOES020001748.1	4422	38568883
scaff_group_020	CAKOES020001749.1	4408	38573291
scaff_group_020	CAKOES020001750.1	4399	38577690
scaff_group_020	CAKOES020001751.1	4395	38582085
scaff_group_020	CAKOES020001752.1	4393	38586478
scaff_group_020	CAKOES020001753.1	4387	38590865
scaff_group_020	CAKOES020001754.1	4379	38595244
scaff_group_020	CAKOES020001755.1	4369	38599613
scaff_group_020	CAKOES020001756.1	4364	38603977
scaff_group_020	CAKOES020001757.1	4354	38608331
scaff_group_020	CAKOES020001758.1	4350	38612681
scaff_group_020	CAKOES020001759.1	4350	38617031
scaff_group_020	CAKOES020001760.1	4348	38621379
scaff_group_020	CAKOES020001761.1	4346	38625725
scaff_group_020	CAKOES020001762.1	4345	38630070
scaff_group_020	CAKOES020001763.1	4344	38634414
scaff_group_020	CAKOES020001764.1	4343	38638757
scaff_group_020	CAKOES020001765.1	4342	38643099
scaff_group_020	CAKOES020001766.1	4342	38647441
scaff_group_020	CAKOES020001767.1	4339	38651780
scaff_group_020	CAKOES020001768.1	4334	38656114
scaff_group_020	CAKOES020001769.1	4332	38660446
scaff_group_020	CAKOES020001770.1	4331	38664777
scaff_group_020	CAKOES020001771.1	4326	38669103
scaff_group_020	CAKOES020001772.1	4326	38673429
scaff_group_020	CAKOES020001773.1	4322	38677751
scaff_group_020	CAKOES020001774.1	4319	38682070
scaff_group_020	CAKOES020001775.1	4315	38686385
scaff_group_020	CAKOES020001776.1	4305	38690690
scaff_group_020	CAKOES020001777.1	4290	38694980
scaff_group_020	CAKOES020001778.1	4290	38699270
scaff_group_020	CAKOES020001779.1	4271	38703541
scaff_group_020	CAKOES020001780.1	4270	38707811
scaff_group_020	CAKOES020001781.1	4266	38712077
scaff_group_020	CAKOES020001782.1	4265	38716342
scaff_group_020	CAKOES020001783.1	4255	38720597
scaff_group_020	CAKOES020001784.1	4252	38724849
scaff_group_020	CAKOES020001785.1	4251	38729100
scaff_group_020	CAKOES020001786.1	4249	38733349
scaff_group_020	CAKOES020001787.1	4233	38737582
scaff_group_020	CAKOES020001788.1	4222	38741804
scaff_group_020	CAKOES020001789.1	4211	38746015
scaff_group_020	CAKOES020001790.1	4205	38750220
scaff_group_020	CAKOES020001791.1	4204	38754424
scaff_group_020	CAKOES020001792.1	4202	38758626
scaff_group_020	CAKOES020001793.1	4183	38762809
scaff_group_020	CAKOES020001794.1	4181	38766990
scaff_group_020	CAKOES020001795.1	4179	38771169
scaff_group_020	CAKOES020001796.1	4175	38775344
scaff_group_020	CAKOES020001797.1	4174	38779518
scaff_group_020	CAKOES020001798.1	4161	38783679
scaff_group_020	CAKOES020001799.1	4155	38787834
scaff_group_020	CAKOES020001800.1	4153	38791987
scaff_group_020	CAKOES020001801.1	4148	38796135
scaff_group_020	CAKOES020001802.1	4135	38800270
scaff_group_020	CAKOES020001803.1	4134	38804404
scaff_group_020	CAKOES020001804.1	4119	38808523
scaff_group_020	CAKOES020001805.1	4119	38812642
scaff_group_020	CAKOES020001806.1	4108	38816750
scaff_group_020	CAKOES020001807.1	4102	38820852
scaff_group_020	CAKOES020001808.1	4100	38824952
scaff_group_020	CAKOES020001809.1	4096	38829048
scaff_group_020	CAKOES020001810.1	4094	38833142
scaff_group_020	CAKOES020001811.1	4094	38837236
scaff_group_020	CAKOES020001812.1	4091	38841327
scaff_group_020	CAKOES020001813.1	4089	38845416
scaff_group_020	CAKOES020001814.1	4087	38849503
scaff_group_020	CAKOES020001815.1	4082	38853585
scaff_group_020	CAKOES020001816.1	4082	38857667
scaff_group_020	CAKOES020001817.1	4079	38861746
scaff_group_020	CAKOES020001818.1	4076	38865822
scaff_group_020	CAKOES020001819.1	4073	38869895
scaff_group_020	CAKOES020001820.1	4062	38873957
scaff_group_020	CAKOES020001821.1	4059	38878016
scaff_group_020	CAKOES020001822.1	4043	38882059
scaff_group_020	CAKOES020001823.1	4043	38886102
scaff_group_020	CAKOES020001824.1	4038	38890140
scaff_group_020	CAKOES020001825.1	4033	38894173
scaff_group_020	CAKOES020001826.1	4029	38898202
scaff_group_020	CAKOES020001827.1	4026	38902228
scaff_group_020	CAKOES020001828.1	4024	38906252
scaff_group_020	CAKOES020001829.1	4023	38910275
scaff_group_020	CAKOES020001830.1	4021	38914296
scaff_group_020	CAKOES020001831.1	4021	38918317
scaff_group_020	CAKOES020001832.1	4019	38922336
scaff_group_020	CAKOES020001833.1	4019	38926355
scaff_group_020	CAKOES020001834.1	3996	38930351
scaff_group_020	CAKOES020001835.1	3995	38934346
scaff_group_020	CAKOES020001836.1	3991	38938337
scaff_group_020	CAKOES020001837.1	3986	38942323
scaff_group_020	CAKOES020001838.1	3982	38946305
scaff_group_020	CAKOES020001839.1	3980	38950285
scaff_group_020	CAKOES020001840.1	3966	38954251
scaff_group_020	CAKOES020001841.1	3955	38958206
scaff_group_020	CAKOES020001842.1	3955	38962161
scaff_group_020	CAKOES020001843.1	3954	38966115
scaff_group_020	CAKOES020001844.1	3953	38970068
scaff_group_020	CAKOES020001845.1	3949	38974017
scaff_group_020	CAKOES020001846.1	3947	38977964
scaff_group_020	CAKOES020001847.1	3943	38981907
scaff_group_020	CAKOES020001848.1	3940	38985847
scaff_group_020	CAKOES020001849.1	3938	38989785
scaff_group_020	CAKOES020001850.1	3937	38993722
scaff_group_020	CAKOES020001851.1	3923	38997645
scaff_group_020	CAKOES020001852.1	3915	39001560
scaff_group_020	CAKOES020001853.1	3915	39005475
scaff_group_020	CAKOES020001854.1	3914	39009389
scaff_group_020	CAKOES020001855.1	3912	39013301
scaff_group_020	CAKOES020001856.1	3911	39017212
scaff_group_020	CAKOES020001857.1	3909	39021121
scaff_group_020	CAKOES020001858.1	3905	39025026
scaff_group_020	CAKOES020001859.1	3901	39028927
scaff_group_020	CAKOES020001860.1	3898	39032825
scaff_group_020	CAKOES020001861.1	3884	39036709
scaff_group_020	CAKOES020001862.1	3866	39040575
scaff_group_020	CAKOES020001863.1	3855	39044430
scaff_group_020	CAKOES020001864.1	3846	39048276
scaff_group_020	CAKOES020001865.1	3826	39052102
scaff_group_020	CAKOES020001866.1	3815	39055917
scaff_group_020	CAKOES020001867.1	3803	39059720
scaff_group_020	CAKOES020001868.1	3794	39063514
scaff_group_020	CAKOES020001869.1	3791	39067305
scaff_group_020	CAKOES020001870.1	3785	39071090
scaff_group_020	CAKOES020001871.1	3782	39074872
scaff_group_020	CAKOES020001872.1	3772	39078644
scaff_group_020	CAKOES020001873.1	3767	39082411
scaff_group_020	CAKOES020001874.1	3765	39086176
scaff_group_020	CAKOES020001875.1	3763	39089939
scaff_group_020	CAKOES020001876.1	3762	39093701
scaff_group_020	CAKOES020001877.1	3761	39097462
scaff_group_020	CAKOES020001878.1	3754	39101216
scaff_group_020	CAKOES020001879.1	3753	39104969
scaff_group_020	CAKOES020001880.1	3746	39108715
scaff_group_020	CAKOES020001881.1	3742	39112457
scaff_group_020	CAKOES020001882.1	3740	39116197
scaff_group_020	CAKOES020001883.1	3736	39119933
scaff_group_020	CAKOES020001884.1	3734	39123667
scaff_group_020	CAKOES020001885.1	3734	39127401
scaff_group_020	CAKOES020001886.1	3730	39131131
scaff_group_020	CAKOES020001887.1	3724	39134855
scaff_group_020	CAKOES020001888.1	3720	39138575
scaff_group_020	CAKOES020001889.1	3718	39142293
scaff_group_020	CAKOES020001890.1	3718	39146011
scaff_group_020	CAKOES020001891.1	3714	39149725
scaff_group_020	CAKOES020001892.1	3709	39153434
scaff_group_020	CAKOES020001893.1	3699	39157133
scaff_group_020	CAKOES020001894.1	3689	39160822
scaff_group_020	CAKOES020001895.1	3689	39164511
scaff_group_020	CAKOES020001896.1	3681	39168192
scaff_group_020	CAKOES020001897.1	3680	39171872
scaff_group_020	CAKOES020001898.1	3678	39175550
scaff_group_020	CAKOES020001899.1	3673	39179223
scaff_group_020	CAKOES020001900.1	3672	39182895
scaff_group_020	CAKOES020001901.1	3671	39186566
scaff_group_020	CAKOES020001902.1	3670	39190236
scaff_group_020	CAKOES020001903.1	3665	39193901
scaff_group_020	CAKOES020001904.1	3664	39197565
scaff_group_020	CAKOES020001905.1	3663	39201228
scaff_group_020	CAKOES020001906.1	3661	39204889
scaff_group_020	CAKOES020001907.1	3660	39208549
scaff_group_020	CAKOES020001908.1	3649	39212198
scaff_group_020	CAKOES020001909.1	3647	39215845
scaff_group_020	CAKOES020001910.1	3643	39219488
scaff_group_020	CAKOES020001911.1	3638	39223126
scaff_group_020	CAKOES020001912.1	3632	39226758
scaff_group_020	CAKOES020001913.1	3625	39230383
scaff_group_020	CAKOES020001914.1	3623	39234006
scaff_group_020	CAKOES020001915.1	3622	39237628
scaff_group_020	CAKOES020001916.1	3617	39241245
scaff_group_020	CAKOES020001917.1	3617	39244862
scaff_group_020	CAKOES020001918.1	3610	39248472
scaff_group_020	CAKOES020001919.1	3607	39252079
scaff_group_020	CAKOES020001920.1	3602	39255681
scaff_group_020	CAKOES020001921.1	3598	39259279
scaff_group_020	CAKOES020001922.1	3595	39262874
scaff_group_020	CAKOES020001923.1	3595	39266469
scaff_group_020	CAKOES020001924.1	3595	39270064
scaff_group_020	CAKOES020001925.1	3581	39273645
scaff_group_020	CAKOES020001926.1	3576	39277221
scaff_group_020	CAKOES020001927.1	3574	39280795
scaff_group_020	CAKOES020001928.1	3573	39284368
scaff_group_020	CAKOES020001929.1	3568	39287936
scaff_group_020	CAKOES020001930.1	3566	39291502
scaff_group_020	CAKOES020001931.1	3562	39295064
scaff_group_020	CAKOES020001932.1	3561	39298625
scaff_group_020	CAKOES020001933.1	3560	39302185
scaff_group_020	CAKOES020001934.1	3556	39305741
scaff_group_020	CAKOES020001935.1	3554	39309295
scaff_group_020	CAKOES020001936.1	3547	39312842
scaff_group_020	CAKOES020001937.1	3545	39316387
scaff_group_020	CAKOES020001938.1	3542	39319929
scaff_group_020	CAKOES020001939.1	3541	39323470
scaff_group_020	CAKOES020001940.1	3530	39327000
scaff_group_020	CAKOES020001941.1	3529	39330529
scaff_group_020	CAKOES020001942.1	3517	39334046
scaff_group_020	CAKOES020001943.1	3516	39337562
scaff_group_020	CAKOES020001944.1	3505	39341067
scaff_group_020	CAKOES020001945.1	3503	39344570
scaff_group_020	CAKOES020001946.1	3490	39348060
scaff_group_020	CAKOES020001947.1	3490	39351550
scaff_group_020	CAKOES020001948.1	3489	39355039
scaff_group_020	CAKOES020001949.1	3482	39358521
scaff_group_020	CAKOES020001950.1	3481	39362002
scaff_group_020	CAKOES020001951.1	3480	39365482
scaff_group_020	CAKOES020001952.1	3475	39368957
scaff_group_020	CAKOES020001953.1	3468	39372425
scaff_group_020	CAKOES020001954.1	3453	39375878
scaff_group_020	CAKOES020001955.1	3453	39379331
scaff_group_020	CAKOES020001956.1	3452	39382783
scaff_group_020	CAKOES020001957.1	3451	39386234
scaff_group_020	CAKOES020001958.1	3442	39389676
scaff_group_020	CAKOES020001959.1	3441	39393117
scaff_group_020	CAKOES020001960.1	3440	39396557
scaff_group_020	CAKOES020001961.1	3438	39399995
scaff_group_020	CAKOES020001962.1	3435	39403430
scaff_group_020	CAKOES020001963.1	3434	39406864
scaff_group_020	CAKOES020001964.1	3423	39410287
scaff_group_020	CAKOES020001965.1	3419	39413706
scaff_group_020	CAKOES020001966.1	3401	39417107
scaff_group_020	CAKOES020001967.1	3395	39420502
scaff_group_020	CAKOES020001968.1	3394	39423896
scaff_group_020	CAKOES020001969.1	3394	39427290
scaff_group_020	CAKOES020001970.1	3393	39430683
scaff_group_020	CAKOES020001971.1	3392	39434075
scaff_group_020	CAKOES020001972.1	3388	39437463
scaff_group_020	CAKOES020001973.1	3385	39440848
scaff_group_020	CAKOES020001974.1	3381	39444229
scaff_group_020	CAKOES020001975.1	3378	39447607
scaff_group_020	CAKOES020001976.1	3374	39450981
scaff_group_020	CAKOES020001977.1	3373	39454354
scaff_group_020	CAKOES020001978.1	3371	39457725
scaff_group_020	CAKOES020001979.1	3360	39461085
scaff_group_020	CAKOES020001980.1	3356	39464441
scaff_group_020	CAKOES020001981.1	3351	39467792
scaff_group_020	CAKOES020001982.1	3349	39471141
scaff_group_020	CAKOES020001983.1	3345	39474486
scaff_group_020	CAKOES020001984.1	3343	39477829
scaff_group_020	CAKOES020001985.1	3339	39481168
scaff_group_020	CAKOES020001986.1	3334	39484502
scaff_group_020	CAKOES020001987.1	3328	39487830
scaff_group_020	CAKOES020001988.1	3327	39491157
scaff_group_020	CAKOES020001989.1	3327	39494484
scaff_group_020	CAKOES020001990.1	3312	39497796
scaff_group_020	CAKOES020001991.1	3307	39501103
scaff_group_020	CAKOES020001992.1	3294	39504397
scaff_group_020	CAKOES020001993.1	3287	39507684
scaff_group_020	CAKOES020001994.1	3282	39510966
scaff_group_020	CAKOES020001995.1	3274	39514240
scaff_group_020	CAKOES020001996.1	3274	39517514
scaff_group_020	CAKOES020001997.1	3269	39520783
scaff_group_020	CAKOES020001998.1	3267	39524050
scaff_group_020	CAKOES020001999.1	3263	39527313
scaff_group_020	CAKOES020002000.1	3259	39530572
scaff_group_020	CAKOES020002001.1	3257	39533829
scaff_group_020	CAKOES020002002.1	3253	39537082
scaff_group_020	CAKOES020002003.1	3251	39540333
scaff_group_020	CAKOES020002004.1	3251	39543584
scaff_group_020	CAKOES020002005.1	3248	39546832
scaff_group_020	CAKOES020002006.1	3248	39550080
scaff_group_020	CAKOES020002007.1	3239	39553319
scaff_group_020	CAKOES020002008.1	3236	39556555
scaff_group_020	CAKOES020002009.1	3235	39559790
scaff_group_020	CAKOES020002010.1	3235	39563025
scaff_group_020	CAKOES020002011.1	3232	39566257
scaff_group_020	CAKOES020002012.1	3230	39569487
scaff_group_020	CAKOES020002013.1	3226	39572713
scaff_group_020	CAKOES020002014.1	3221	39575934
scaff_group_020	CAKOES020002015.1	3218	39579152
scaff_group_020	CAKOES020002016.1	3211	39582363
scaff_group_020	CAKOES020002017.1	3208	39585571
scaff_group_020	CAKOES020002018.1	3203	39588774
scaff_group_020	CAKOES020002019.1	3203	39591977
scaff_group_020	CAKOES020002020.1	3197	39595174
scaff_group_020	CAKOES020002021.1	3195	39598369
scaff_group_020	CAKOES020002022.1	3190	39601559
scaff_group_020	CAKOES020002023.1	3190	39604749
scaff_group_020	CAKOES020002024.1	3187	39607936
scaff_group_020	CAKOES020002025.1	3185	39611121
scaff_group_020	CAKOES020002026.1	3185	39614306
scaff_group_020	CAKOES020002027.1	3181	39617487
scaff_group_020	CAKOES020002028.1	3167	39620654
scaff_group_020	CAKOES020002029.1	3153	39623807
scaff_group_020	CAKOES020002030.1	3150	39626957
scaff_group_020	CAKOES020002031.1	3150	39630107
scaff_group_020	CAKOES020002032.1	3147	39633254
scaff_group_020	CAKOES020002033.1	3145	39636399
scaff_group_020	CAKOES020002034.1	3141	39639540
scaff_group_020	CAKOES020002035.1	3132	39642672
scaff_group_020	CAKOES020002036.1	3131	39645803
scaff_group_020	CAKOES020002037.1	3124	39648927
scaff_group_020	CAKOES020002038.1	3117	39652044
scaff_group_020	CAKOES020002039.1	3117	39655161
scaff_group_020	CAKOES020002040.1	3111	39658272
scaff_group_020	CAKOES020002041.1	3102	39661374
scaff_group_020	CAKOES020002042.1	3101	39664475
scaff_group_020	CAKOES020002043.1	3098	39667573
scaff_group_020	CAKOES020002044.1	3097	39670670
scaff_group_020	CAKOES020002045.1	3095	39673765
scaff_group_020	CAKOES020002046.1	3091	39676856
scaff_group_020	CAKOES020002047.1	3085	39679941
scaff_group_020	CAKOES020002048.1	3068	39683009
scaff_group_020	CAKOES020002049.1	3065	39686074
scaff_group_020	CAKOES020002050.1	3059	39689133
scaff_group_020	CAKOES020002051.1	3055	39692188
scaff_group_020	CAKOES020002052.1	3055	39695243
scaff_group_020	CAKOES020002053.1	3052	39698295
scaff_group_020	CAKOES020002054.1	3052	39701347
scaff_group_020	CAKOES020002055.1	3047	39704394
scaff_group_020	CAKOES020002056.1	3046	39707440
scaff_group_020	CAKOES020002057.1	3038	39710478
scaff_group_020	CAKOES020002058.1	3036	39713514
scaff_group_020	CAKOES020002059.1	3033	39716547
scaff_group_020	CAKOES020002060.1	3032	39719579
scaff_group_020	CAKOES020002061.1	3025	39722604
scaff_group_020	CAKOES020002062.1	3022	39725626
scaff_group_020	CAKOES020002063.1	3014	39728640
scaff_group_020	CAKOES020002064.1	3014	39731654
scaff_group_020	CAKOES020002065.1	3012	39734666
scaff_group_020	CAKOES020002066.1	3009	39737675
scaff_group_020	CAKOES020002067.1	3002	39740677
scaff_group_020	CAKOES020002068.1	2995	39743672
scaff_group_020	CAKOES020002069.1	2990	39746662
scaff_group_020	CAKOES020002070.1	2987	39749649
scaff_group_020	CAKOES020002071.1	2986	39752635
scaff_group_020	CAKOES020002072.1	2985	39755620
scaff_group_020	CAKOES020002073.1	2985	39758605
scaff_group_020	CAKOES020002074.1	2983	39761588
scaff_group_020	CAKOES020002075.1	2982	39764570
scaff_group_020	CAKOES020002076.1	2981	39767551
scaff_group_020	CAKOES020002077.1	2980	39770531
scaff_group_020	CAKOES020002078.1	2979	39773510
scaff_group_020	CAKOES020002079.1	2975	39776485
scaff_group_020	CAKOES020002080.1	2960	39779445
scaff_group_020	CAKOES020002081.1	2957	39782402
scaff_group_020	CAKOES020002082.1	2957	39785359
scaff_group_020	CAKOES020002083.1	2956	39788315
scaff_group_020	CAKOES020002084.1	2953	39791268
scaff_group_020	CAKOES020002085.1	2944	39794212
scaff_group_020	CAKOES020002086.1	2941	39797153
scaff_group_020	CAKOES020002087.1	2939	39800092
scaff_group_020	CAKOES020002088.1	2939	39803031
scaff_group_020	CAKOES020002089.1	2932	39805963
scaff_group_020	CAKOES020002090.1	2930	39808893
scaff_group_020	CAKOES020002091.1	2926	39811819
scaff_group_020	CAKOES020002092.1	2923	39814742
scaff_group_020	CAKOES020002093.1	2921	39817663
scaff_group_020	CAKOES020002094.1	2921	39820584
scaff_group_020	CAKOES020002095.1	2916	39823500
scaff_group_020	CAKOES020002096.1	2904	39826404
scaff_group_020	CAKOES020002097.1	2896	39829300
scaff_group_020	CAKOES020002098.1	2892	39832192
scaff_group_020	CAKOES020002099.1	2888	39835080
scaff_group_020	CAKOES020002100.1	2888	39837968
scaff_group_020	CAKOES020002101.1	2886	39840854
scaff_group_020	CAKOES020002102.1	2881	39843735
scaff_group_020	CAKOES020002103.1	2866	39846601
scaff_group_020	CAKOES020002104.1	2864	39849465
scaff_group_020	CAKOES020002105.1	2859	39852324
scaff_group_020	CAKOES020002106.1	2858	39855182
scaff_group_020	CAKOES020002107.1	2858	39858040
scaff_group_020	CAKOES020002108.1	2851	39860891
scaff_group_020	CAKOES020002109.1	2847	39863738
scaff_group_020	CAKOES020002110.1	2847	39866585
scaff_group_020	CAKOES020002111.1	2844	39869429
scaff_group_020	CAKOES020002112.1	2841	39872270
scaff_group_020	CAKOES020002113.1	2841	39875111
scaff_group_020	CAKOES020002114.1	2839	39877950
scaff_group_020	CAKOES020002115.1	2832	39880782
scaff_group_020	CAKOES020002116.1	2830	39883612
scaff_group_020	CAKOES020002117.1	2829	39886441
scaff_group_020	CAKOES020002118.1	2825	39889266
scaff_group_020	CAKOES020002119.1	2824	39892090
scaff_group_020	CAKOES020002120.1	2817	39894907
scaff_group_020	CAKOES020002121.1	2814	39897721
scaff_group_020	CAKOES020002122.1	2814	39900535
scaff_group_020	CAKOES020002123.1	2812	39903347
scaff_group_020	CAKOES020002124.1	2807	39906154
scaff_group_020	CAKOES020002125.1	2801	39908955
scaff_group_020	CAKOES020002126.1	2798	39911753
scaff_group_020	CAKOES020002127.1	2795	39914548
scaff_group_020	CAKOES020002128.1	2788	39917336
scaff_group_020	CAKOES020002129.1	2786	39920122
scaff_group_020	CAKOES020002130.1	2785	39922907
scaff_group_020	CAKOES020002131.1	2784	39925691
scaff_group_020	CAKOES020002132.1	2779	39928470
scaff_group_020	CAKOES020002133.1	2779	39931249
scaff_group_020	CAKOES020002134.1	2768	39934017
scaff_group_020	CAKOES020002135.1	2765	39936782
scaff_group_020	CAKOES020002136.1	2761	39939543
scaff_group_020	CAKOES020002137.1	2754	39942297
scaff_group_020	CAKOES020002138.1	2752	39945049
scaff_group_020	CAKOES020002139.1	2752	39947801
scaff_group_020	CAKOES020002140.1	2749	39950550
scaff_group_020	CAKOES020002141.1	2746	39953296
scaff_group_020	CAKOES020002142.1	2737	39956033
scaff_group_020	CAKOES020002143.1	2737	39958770
scaff_group_020	CAKOES020002144.1	2735	39961505
scaff_group_020	CAKOES020002145.1	2726	39964231
scaff_group_020	CAKOES020002146.1	2722	39966953
scaff_group_020	CAKOES020002147.1	2717	39969670
scaff_group_020	CAKOES020002148.1	2712	39972382
scaff_group_020	CAKOES020002149.1	2712	39975094
scaff_group_020	CAKOES020002150.1	2709	39977803
scaff_group_020	CAKOES020002151.1	2708	39980511
scaff_group_020	CAKOES020002152.1	2707	39983218
scaff_group_020	CAKOES020002153.1	2707	39985925
scaff_group_020	CAKOES020002154.1	2706	39988631
scaff_group_020	CAKOES020002155.1	2697	39991328
scaff_group_020	CAKOES020002156.1	2697	39994025
scaff_group_020	CAKOES020002157.1	2693	39996718
scaff_group_020	CAKOES020002158.1	2691	39999409
scaff_group_021	CAKOES020002159.1	2691	40002100
scaff_group_021	CAKOES020002160.1	2686	40004786
scaff_group_021	CAKOES020002161.1	2684	40007470
scaff_group_021	CAKOES020002162.1	2684	40010154
scaff_group_021	CAKOES020002163.1	2684	40012838
scaff_group_021	CAKOES020002164.1	2681	40015519
scaff_group_021	CAKOES020002165.1	2676	40018195
scaff_group_021	CAKOES020002166.1	2674	40020869
scaff_group_021	CAKOES020002167.1	2671	40023540
scaff_group_021	CAKOES020002168.1	2667	40026207
scaff_group_021	CAKOES020002169.1	2660	40028867
scaff_group_021	CAKOES020002170.1	2658	40031525
scaff_group_021	CAKOES020002171.1	2656	40034181
scaff_group_021	CAKOES020002172.1	2650	40036831
scaff_group_021	CAKOES020002173.1	2649	40039480
scaff_group_021	CAKOES020002174.1	2649	40042129
scaff_group_021	CAKOES020002175.1	2648	40044777
scaff_group_021	CAKOES020002176.1	2648	40047425
scaff_group_021	CAKOES020002177.1	2646	40050071
scaff_group_021	CAKOES020002178.1	2645	40052716
scaff_group_021	CAKOES020002179.1	2641	40055357
scaff_group_021	CAKOES020002180.1	2641	40057998
scaff_group_021	CAKOES020002181.1	2640	40060638
scaff_group_021	CAKOES020002182.1	2632	40063270
scaff_group_021	CAKOES020002183.1	2626	40065896
scaff_group_021	CAKOES020002184.1	2621	40068517
scaff_group_021	CAKOES020002185.1	2619	40071136
scaff_group_021	CAKOES020002186.1	2618	40073754
scaff_group_021	CAKOES020002187.1	2615	40076369
scaff_group_021	CAKOES020002188.1	2615	40078984
scaff_group_021	CAKOES020002189.1	2613	40081597
scaff_group_021	CAKOES020002190.1	2611	40084208
scaff_group_021	CAKOES020002191.1	2604	40086812
scaff_group_021	CAKOES020002192.1	2604	40089416
scaff_group_021	CAKOES020002193.1	2602	40092018
scaff_group_021	CAKOES020002194.1	2599	40094617
scaff_group_021	CAKOES020002195.1	2599	40097216
scaff_group_021	CAKOES020002196.1	2597	40099813
scaff_group_021	CAKOES020002197.1	2594	40102407
scaff_group_021	CAKOES020002198.1	2592	40104999
scaff_group_021	CAKOES020002199.1	2588	40107587
scaff_group_021	CAKOES020002200.1	2587	40110174
scaff_group_021	CAKOES020002201.1	2586	40112760
scaff_group_021	CAKOES020002202.1	2582	40115342
scaff_group_021	CAKOES020002203.1	2581	40117923
scaff_group_021	CAKOES020002204.1	2580	40120503
scaff_group_021	CAKOES020002205.1	2577	40123080
scaff_group_021	CAKOES020002206.1	2570	40125650
scaff_group_021	CAKOES020002207.1	2570	40128220
scaff_group_021	CAKOES020002208.1	2569	40130789
scaff_group_021	CAKOES020002209.1	2569	40133358
scaff_group_021	CAKOES020002210.1	2564	40135922
scaff_group_021	CAKOES020002211.1	2557	40138479
scaff_group_021	CAKOES020002212.1	2553	40141032
scaff_group_021	CAKOES020002213.1	2553	40143585
scaff_group_021	CAKOES020002214.1	2549	40146134
scaff_group_021	CAKOES020002215.1	2546	40148680
scaff_group_021	CAKOES020002216.1	2545	40151225
scaff_group_021	CAKOES020002217.1	2537	40153762
scaff_group_021	CAKOES020002218.1	2536	40156298
scaff_group_021	CAKOES020002219.1	2536	40158834
scaff_group_021	CAKOES020002220.1	2531	40161365
scaff_group_021	CAKOES020002221.1	2529	40163894
scaff_group_021	CAKOES020002222.1	2523	40166417
scaff_group_021	CAKOES020002223.1	2523	40168940
scaff_group_021	CAKOES020002224.1	2523	40171463
scaff_group_021	CAKOES020002225.1	2519	40173982
scaff_group_021	CAKOES020002226.1	2513	40176495
scaff_group_021	CAKOES020002227.1	2510	40179005
scaff_group_021	CAKOES020002228.1	2506	40181511
scaff_group_021	CAKOES020002229.1	2503	40184014
scaff_group_021	CAKOES020002230.1	2501	40186515
scaff_group_021	CAKOES020002231.1	2494	40189009
scaff_group_021	CAKOES020002232.1	2490	40191499
scaff_group_021	CAKOES020002233.1	2488	40193987
scaff_group_021	CAKOES020002234.1	2486	40196473
scaff_group_021	CAKOES020002235.1	2484	40198957
scaff_group_021	CAKOES020002236.1	2480	40201437
scaff_group_021	CAKOES020002237.1	2479	40203916
scaff_group_021	CAKOES020002238.1	2478	40206394
scaff_group_021	CAKOES020002239.1	2476	40208870
scaff_group_021	CAKOES020002240.1	2474	40211344
scaff_group_021	CAKOES020002241.1	2469	40213813
scaff_group_021	CAKOES020002242.1	2467	40216280
scaff_group_021	CAKOES020002243.1	2458	40218738
scaff_group_021	CAKOES020002244.1	2447	40221185
scaff_group_021	CAKOES020002245.1	2447	40223632
scaff_group_021	CAKOES020002246.1	2443	40226075
scaff_group_021	CAKOES020002247.1	2442	40228517
scaff_group_021	CAKOES020002248.1	2442	40230959
scaff_group_021	CAKOES020002249.1	2438	40233397
scaff_group_021	CAKOES020002250.1	2437	40235834
scaff_group_021	CAKOES020002251.1	2435	40238269
scaff_group_021	CAKOES020002252.1	2434	40240703
scaff_group_021	CAKOES020002253.1	2433	40243136
scaff_group_021	CAKOES020002254.1	2429	40245565
scaff_group_021	CAKOES020002255.1	2427	40247992
scaff_group_021	CAKOES020002256.1	2424	40250416
scaff_group_021	CAKOES020002257.1	2424	40252840
scaff_group_021	CAKOES020002258.1	2423	40255263
scaff_group_021	CAKOES020002259.1	2421	40257684
scaff_group_021	CAKOES020002260.1	2420	40260104
scaff_group_021	CAKOES020002261.1	2418	40262522
scaff_group_021	CAKOES020002262.1	2416	40264938
scaff_group_021	CAKOES020002263.1	2410	40267348
scaff_group_021	CAKOES020002264.1	2408	40269756
scaff_group_021	CAKOES020002265.1	2406	40272162
scaff_group_021	CAKOES020002266.1	2405	40274567
scaff_group_021	CAKOES020002267.1	2405	40276972
scaff_group_021	CAKOES020002268.1	2403	40279375
scaff_group_021	CAKOES020002269.1	2399	40281774
scaff_group_021	CAKOES020002270.1	2395	40284169
scaff_group_021	CAKOES020002271.1	2395	40286564
scaff_group_021	CAKOES020002272.1	2394	40288958
scaff_group_021	CAKOES020002273.1	2384	40291342
scaff_group_021	CAKOES020002274.1	2383	40293725
scaff_group_021	CAKOES020002275.1	2367	40296092
scaff_group_021	CAKOES020002276.1	2358	40298450
scaff_group_021	CAKOES020002277.1	2357	40300807
scaff_group_021	CAKOES020002278.1	2355	40303162
scaff_group_021	CAKOES020002279.1	2346	40305508
scaff_group_021	CAKOES020002280.1	2343	40307851
scaff_group_021	CAKOES020002281.1	2341	40310192
scaff_group_021	CAKOES020002282.1	2336	40312528
scaff_group_021	CAKOES020002283.1	2333	40314861
scaff_group_021	CAKOES020002284.1	2333	40317194
scaff_group_021	CAKOES020002285.1	2333	40319527
scaff_group_021	CAKOES020002286.1	2332	40321859
scaff_group_021	CAKOES020002287.1	2330	40324189
scaff_group_021	CAKOES020002288.1	2329	40326518
scaff_group_021	CAKOES020002289.1	2326	40328844
scaff_group_021	CAKOES020002290.1	2326	40331170
scaff_group_021	CAKOES020002291.1	2326	40333496
scaff_group_021	CAKOES020002292.1	2323	40335819
scaff_group_021	CAKOES020002293.1	2318	40338137
scaff_group_021	CAKOES020002294.1	2313	40340450
scaff_group_021	CAKOES020002295.1	2313	40342763
scaff_group_021	CAKOES020002296.1	2311	40345074
scaff_group_021	CAKOES020002297.1	2311	40347385
scaff_group_021	CAKOES020002298.1	2310	40349695
scaff_group_021	CAKOES020002299.1	2306	40352001
scaff_group_021	CAKOES020002300.1	2305	40354306
scaff_group_021	CAKOES020002301.1	2305	40356611
scaff_group_021	CAKOES020002302.1	2300	40358911
scaff_group_021	CAKOES020002303.1	2298	40361209
scaff_group_021	CAKOES020002304.1	2296	40363505
scaff_group_021	CAKOES020002305.1	2295	40365800
scaff_group_021	CAKOES020002306.1	2295	40368095
scaff_group_021	CAKOES020002307.1	2289	40370384
scaff_group_021	CAKOES020002308.1	2287	40372671
scaff_group_021	CAKOES020002309.1	2284	40374955
scaff_group_021	CAKOES020002310.1	2282	40377237
scaff_group_021	CAKOES020002311.1	2281	40379518
scaff_group_021	CAKOES020002312.1	2278	40381796
scaff_group_021	CAKOES020002313.1	2277	40384073
scaff_group_021	CAKOES020002314.1	2276	40386349
scaff_group_021	CAKOES020002315.1	2272	40388621
scaff_group_021	CAKOES020002316.1	2269	40390890
scaff_group_021	CAKOES020002317.1	2265	40393155
scaff_group_021	CAKOES020002318.1	2265	40395420
scaff_group_021	CAKOES020002319.1	2264	40397684
scaff_group_021	CAKOES020002320.1	2258	40399942
scaff_group_021	CAKOES020002321.1	2255	40402197
scaff_group_021	CAKOES020002322.1	2246	40404443
scaff_group_021	CAKOES020002323.1	2246	40406689
scaff_group_021	CAKOES020002324.1	2245	40408934
scaff_group_021	CAKOES020002325.1	2245	40411179
scaff_group_021	CAKOES020002326.1	2245	40413424
scaff_group_021	CAKOES020002327.1	2238	40415662
scaff_group_021	CAKOES020002328.1	2232	40417894
scaff_group_021	CAKOES020002329.1	2226	40420120
scaff_group_021	CAKOES020002330.1	2222	40422342
scaff_group_021	CAKOES020002331.1	2217	40424559
scaff_group_021	CAKOES020002332.1	2214	40426773
scaff_group_021	CAKOES020002333.1	2214	40428987
scaff_group_021	CAKOES020002334.1	2213	40431200
scaff_group_021	CAKOES020002335.1	2212	40433412
scaff_group_021	CAKOES020002336.1	2211	40435623
scaff_group_021	CAKOES020002337.1	2207	40437830
scaff_group_021	CAKOES020002338.1	2204	40440034
scaff_group_021	CAKOES020002339.1	2199	40442233
scaff_group_021	CAKOES020002340.1	2196	40444429
scaff_group_021	CAKOES020002341.1	2194	40446623
scaff_group_021	CAKOES020002342.1	2193	40448816
scaff_group_021	CAKOES020002343.1	2191	40451007
scaff_group_021	CAKOES020002344.1	2182	40453189
scaff_group_021	CAKOES020002345.1	2178	40455367
scaff_group_021	CAKOES020002346.1	2178	40457545
scaff_group_021	CAKOES020002347.1	2177	40459722
scaff_group_021	CAKOES020002348.1	2174	40461896
scaff_group_021	CAKOES020002349.1	2162	40464058
scaff_group_021	CAKOES020002350.1	2157	40466215
scaff_group_021	CAKOES020002351.1	2155	40468370
scaff_group_021	CAKOES020002352.1	2149	40470519
scaff_group_021	CAKOES020002353.1	2148	40472667
scaff_group_021	CAKOES020002354.1	2147	40474814
scaff_group_021	CAKOES020002355.1	2140	40476954
scaff_group_021	CAKOES020002356.1	2139	40479093
scaff_group_021	CAKOES020002357.1	2137	40481230
scaff_group_021	CAKOES020002358.1	2136	40483366
scaff_group_021	CAKOES020002359.1	2135	40485501
scaff_group_021	CAKOES020002360.1	2128	40487629
scaff_group_021	CAKOES020002361.1	2123	40489752
scaff_group_021	CAKOES020002362.1	2121	40491873
scaff_group_021	CAKOES020002363.1	2119	40493992
scaff_group_021	CAKOES020002364.1	2118	40496110
scaff_group_021	CAKOES020002365.1	2112	40498222
scaff_group_021	CAKOES020002366.1	2109	40500331
scaff_group_021	CAKOES020002367.1	2102	40502433
scaff_group_021	CAKOES020002368.1	2097	40504530
scaff_group_021	CAKOES020002369.1	2096	40506626
scaff_group_021	CAKOES020002370.1	2096	40508722
scaff_group_021	CAKOES020002371.1	2095	40510817
scaff_group_021	CAKOES020002372.1	2093	40512910
scaff_group_021	CAKOES020002373.1	2091	40515001
scaff_group_021	CAKOES020002374.1	2090	40517091
scaff_group_021	CAKOES020002375.1	2088	40519179
scaff_group_021	CAKOES020002376.1	2088	40521267
scaff_group_021	CAKOES020002377.1	2087	40523354
scaff_group_021	CAKOES020002378.1	2087	40525441
scaff_group_021	CAKOES020002379.1	2084	40527525
scaff_group_021	CAKOES020002380.1	2080	40529605
scaff_group_021	CAKOES020002381.1	2073	40531678
scaff_group_021	CAKOES020002382.1	2071	40533749
scaff_group_021	CAKOES020002383.1	2066	40535815
scaff_group_021	CAKOES020002384.1	2065	40537880
scaff_group_021	CAKOES020002385.1	2065	40539945
scaff_group_021	CAKOES020002386.1	2065	40542010
scaff_group_021	CAKOES020002387.1	2065	40544075
scaff_group_021	CAKOES020002388.1	2057	40546132
scaff_group_021	CAKOES020002389.1	2056	40548188
scaff_group_021	CAKOES020002390.1	2052	40550240
scaff_group_021	CAKOES020002391.1	2052	40552292
scaff_group_021	CAKOES020002392.1	2046	40554338
scaff_group_021	CAKOES020002393.1	2043	40556381
scaff_group_021	CAKOES020002394.1	2040	40558421
scaff_group_021	CAKOES020002395.1	2036	40560457
scaff_group_021	CAKOES020002396.1	2035	40562492
scaff_group_021	CAKOES020002397.1	2031	40564523
scaff_group_021	CAKOES020002398.1	2030	40566553
scaff_group_021	CAKOES020002399.1	2030	40568583
scaff_group_021	CAKOES020002400.1	2028	40570611
scaff_group_021	CAKOES020002401.1	2021	40572632
scaff_group_021	CAKOES020002402.1	2021	40574653
scaff_group_021	CAKOES020002403.1	2019	40576672
scaff_group_021	CAKOES020002404.1	2013	40578685
scaff_group_021	CAKOES020002405.1	2012	40580697
scaff_group_021	CAKOES020002406.1	2007	40582704
scaff_group_021	CAKOES020002407.1	2003	40584707
scaff_group_021	CAKOES020002408.1	1999	40586706
scaff_group_021	CAKOES020002409.1	1992	40588698
scaff_group_021	CAKOES020002410.1	1990	40590688
scaff_group_021	CAKOES020002411.1	1988	40592676
scaff_group_021	CAKOES020002412.1	1986	40594662
scaff_group_021	CAKOES020002413.1	1986	40596648
scaff_group_021	CAKOES020002414.1	1986	40598634
scaff_group_021	CAKOES020002415.1	1985	40600619
scaff_group_021	CAKOES020002416.1	1982	40602601
scaff_group_021	CAKOES020002417.1	1979	40604580
scaff_group_021	CAKOES020002418.1	1976	40606556
scaff_group_021	CAKOES020002419.1	1973	40608529
scaff_group_021	CAKOES020002420.1	1970	40610499
scaff_group_021	CAKOES020002421.1	1969	40612468
scaff_group_021	CAKOES020002422.1	1969	40614437
scaff_group_021	CAKOES020002423.1	1966	40616403
scaff_group_021	CAKOES020002424.1	1962	40618365
scaff_group_021	CAKOES020002425.1	1962	40620327
scaff_group_021	CAKOES020002426.1	1961	40622288
scaff_group_021	CAKOES020002427.1	1959	40624247
scaff_group_021	CAKOES020002428.1	1957	40626204
scaff_group_021	CAKOES020002429.1	1956	40628160
scaff_group_021	CAKOES020002430.1	1951	40630111
scaff_group_021	CAKOES020002431.1	1949	40632060
scaff_group_021	CAKOES020002432.1	1948	40634008
scaff_group_021	CAKOES020002433.1	1946	40635954
scaff_group_021	CAKOES020002434.1	1946	40637900
scaff_group_021	CAKOES020002435.1	1937	40639837
scaff_group_021	CAKOES020002436.1	1925	40641762
scaff_group_021	CAKOES020002437.1	1925	40643687
scaff_group_021	CAKOES020002438.1	1925	40645612
scaff_group_021	CAKOES020002439.1	1924	40647536
scaff_group_021	CAKOES020002440.1	1923	40649459
scaff_group_021	CAKOES020002441.1	1923	40651382
scaff_group_021	CAKOES020002442.1	1921	40653303
scaff_group_021	CAKOES020002443.1	1919	40655222
scaff_group_021	CAKOES020002444.1	1919	40657141
scaff_group_021	CAKOES020002445.1	1915	40659056
scaff_group_021	CAKOES020002446.1	1907	40660963
scaff_group_021	CAKOES020002447.1	1907	40662870
scaff_group_021	CAKOES020002448.1	1898	40664768
scaff_group_021	CAKOES020002449.1	1894	40666662
scaff_group_021	CAKOES020002450.1	1893	40668555
scaff_group_021	CAKOES020002451.1	1891	40670446
scaff_group_021	CAKOES020002452.1	1891	40672337
scaff_group_021	CAKOES020002453.1	1884	40674221
scaff_group_021	CAKOES020002454.1	1884	40676105
scaff_group_021	CAKOES020002455.1	1880	40677985
scaff_group_021	CAKOES020002456.1	1880	40679865
scaff_group_021	CAKOES020002457.1	1879	40681744
scaff_group_021	CAKOES020002458.1	1878	40683622
scaff_group_021	CAKOES020002459.1	1877	40685499
scaff_group_021	CAKOES020002460.1	1876	40687375
scaff_group_021	CAKOES020002461.1	1868	40689243
scaff_group_021	CAKOES020002462.1	1863	40691106
scaff_group_021	CAKOES020002463.1	1857	40692963
scaff_group_021	CAKOES020002464.1	1856	40694819
scaff_group_021	CAKOES020002465.1	1850	40696669
scaff_group_021	CAKOES020002466.1	1848	40698517
scaff_group_021	CAKOES020002467.1	1847	40700364
scaff_group_021	CAKOES020002468.1	1847	40702211
scaff_group_021	CAKOES020002469.1	1844	40704055
scaff_group_021	CAKOES020002470.1	1844	40705899
scaff_group_021	CAKOES020002471.1	1841	40707740
scaff_group_021	CAKOES020002472.1	1840	40709580
scaff_group_021	CAKOES020002473.1	1840	40711420
scaff_group_021	CAKOES020002474.1	1839	40713259
scaff_group_021	CAKOES020002475.1	1839	40715098
scaff_group_021	CAKOES020002476.1	1834	40716932
scaff_group_021	CAKOES020002477.1	1832	40718764
scaff_group_021	CAKOES020002478.1	1829	40720593
scaff_group_021	CAKOES020002479.1	1826	40722419
scaff_group_021	CAKOES020002480.1	1824	40724243
scaff_group_021	CAKOES020002481.1	1822	40726065
scaff_group_021	CAKOES020002482.1	1820	40727885
scaff_group_021	CAKOES020002483.1	1820	40729705
scaff_group_021	CAKOES020002484.1	1814	40731519
scaff_group_021	CAKOES020002485.1	1814	40733333
scaff_group_021	CAKOES020002486.1	1814	40735147
scaff_group_021	CAKOES020002487.1	1814	40736961
scaff_group_021	CAKOES020002488.1	1805	40738766
scaff_group_021	CAKOES020002489.1	1805	40740571
scaff_group_021	CAKOES020002490.1	1801	40742372
scaff_group_021	CAKOES020002491.1	1798	40744170
scaff_group_021	CAKOES020002492.1	1798	40745968
scaff_group_021	CAKOES020002493.1	1792	40747760
scaff_group_021	CAKOES020002494.1	1787	40749547
scaff_group_021	CAKOES020002495.1	1782	40751329
scaff_group_021	CAKOES020002496.1	1782	40753111
scaff_group_021	CAKOES020002497.1	1782	40754893
scaff_group_021	CAKOES020002498.1	1782	40756675
scaff_group_021	CAKOES020002499.1	1779	40758454
scaff_group_021	CAKOES020002500.1	1777	40760231
scaff_group_021	CAKOES020002501.1	1774	40762005
scaff_group_021	CAKOES020002502.1	1771	40763776
scaff_group_021	CAKOES020002503.1	1766	40765542
scaff_group_021	CAKOES020002504.1	1765	40767307
scaff_group_021	CAKOES020002505.1	1764	40769071
scaff_group_021	CAKOES020002506.1	1762	40770833
scaff_group_021	CAKOES020002507.1	1756	40772589
scaff_group_021	CAKOES020002508.1	1755	40774344
scaff_group_021	CAKOES020002509.1	1755	40776099
scaff_group_021	CAKOES020002510.1	1752	40777851
scaff_group_021	CAKOES020002511.1	1751	40779602
scaff_group_021	CAKOES020002512.1	1749	40781351
scaff_group_021	CAKOES020002513.1	1749	40783100
scaff_group_021	CAKOES020002514.1	1746	40784846
scaff_group_021	CAKOES020002515.1	1745	40786591
scaff_group_021	CAKOES020002516.1	1743	40788334
scaff_group_021	CAKOES020002517.1	1741	40790075
scaff_group_021	CAKOES020002518.1	1738	40791813
scaff_group_021	CAKOES020002519.1	1738	40793551
scaff_group_021	CAKOES020002520.1	1738	40795289
scaff_group_021	CAKOES020002521.1	1736	40797025
scaff_group_021	CAKOES020002522.1	1732	40798757
scaff_group_021	CAKOES020002523.1	1732	40800489
scaff_group_021	CAKOES020002524.1	1731	40802220
scaff_group_021	CAKOES020002525.1	1728	40803948
scaff_group_021	CAKOES020002526.1	1728	40805676
scaff_group_021	CAKOES020002527.1	1723	40807399
scaff_group_021	CAKOES020002528.1	1722	40809121
scaff_group_021	CAKOES020002529.1	1721	40810842
scaff_group_021	CAKOES020002530.1	1720	40812562
scaff_group_021	CAKOES020002531.1	1719	40814281
scaff_group_021	CAKOES020002532.1	1718	40815999
scaff_group_021	CAKOES020002533.1	1717	40817716
scaff_group_021	CAKOES020002534.1	1716	40819432
scaff_group_021	CAKOES020002535.1	1716	40821148
scaff_group_021	CAKOES020002536.1	1714	40822862
scaff_group_021	CAKOES020002537.1	1709	40824571
scaff_group_021	CAKOES020002538.1	1706	40826277
scaff_group_021	CAKOES020002539.1	1705	40827982
scaff_group_021	CAKOES020002540.1	1701	40829683
scaff_group_021	CAKOES020002541.1	1699	40831382
scaff_group_021	CAKOES020002542.1	1699	40833081
scaff_group_021	CAKOES020002543.1	1699	40834780
scaff_group_021	CAKOES020002544.1	1696	40836476
scaff_group_021	CAKOES020002545.1	1696	40838172
scaff_group_021	CAKOES020002546.1	1695	40839867
scaff_group_021	CAKOES020002547.1	1693	40841560
scaff_group_021	CAKOES020002548.1	1691	40843251
scaff_group_021	CAKOES020002549.1	1686	40844937
scaff_group_021	CAKOES020002550.1	1682	40846619
scaff_group_021	CAKOES020002551.1	1682	40848301
scaff_group_021	CAKOES020002552.1	1680	40849981
scaff_group_021	CAKOES020002553.1	1678	40851659
scaff_group_021	CAKOES020002554.1	1678	40853337
scaff_group_021	CAKOES020002555.1	1677	40855014
scaff_group_021	CAKOES020002556.1	1677	40856691
scaff_group_021	CAKOES020002557.1	1676	40858367
scaff_group_021	CAKOES020002558.1	1676	40860043
scaff_group_021	CAKOES020002559.1	1675	40861718
scaff_group_021	CAKOES020002560.1	1670	40863388
scaff_group_021	CAKOES020002561.1	1669	40865057
scaff_group_021	CAKOES020002562.1	1668	40866725
scaff_group_021	CAKOES020002563.1	1661	40868386
scaff_group_021	CAKOES020002564.1	1660	40870046
scaff_group_021	CAKOES020002565.1	1659	40871705
scaff_group_021	CAKOES020002566.1	1659	40873364
scaff_group_021	CAKOES020002567.1	1658	40875022
scaff_group_021	CAKOES020002568.1	1654	40876676
scaff_group_021	CAKOES020002569.1	1651	40878327
scaff_group_021	CAKOES020002570.1	1647	40879974
scaff_group_021	CAKOES020002571.1	1646	40881620
scaff_group_021	CAKOES020002572.1	1645	40883265
scaff_group_021	CAKOES020002573.1	1644	40884909
scaff_group_021	CAKOES020002574.1	1643	40886552
scaff_group_021	CAKOES020002575.1	1640	40888192
scaff_group_021	CAKOES020002576.1	1639	40889831
scaff_group_021	CAKOES020002577.1	1636	40891467
scaff_group_021	CAKOES020002578.1	1636	40893103
scaff_group_021	CAKOES020002579.1	1631	40894734
scaff_group_021	CAKOES020002580.1	1631	40896365
scaff_group_021	CAKOES020002581.1	1622	40897987
scaff_group_021	CAKOES020002582.1	1621	40899608
scaff_group_021	CAKOES020002583.1	1620	40901228
scaff_group_021	CAKOES020002584.1	1616	40902844
scaff_group_021	CAKOES020002585.1	1615	40904459
scaff_group_021	CAKOES020002586.1	1614	40906073
scaff_group_021	CAKOES020002587.1	1614	40907687
scaff_group_021	CAKOES020002588.1	1612	40909299
scaff_group_021	CAKOES020002589.1	1610	40910909
scaff_group_021	CAKOES020002590.1	1608	40912517
scaff_group_021	CAKOES020002591.1	1607	40914124
scaff_group_021	CAKOES020002592.1	1606	40915730
scaff_group_021	CAKOES020002593.1	1603	40917333
scaff_group_021	CAKOES020002594.1	1603	40918936
scaff_group_021	CAKOES020002595.1	1602	40920538
scaff_group_021	CAKOES020002596.1	1602	40922140
scaff_group_021	CAKOES020002597.1	1601	40923741
scaff_group_021	CAKOES020002598.1	1600	40925341
scaff_group_021	CAKOES020002599.1	1599	40926940
scaff_group_021	CAKOES020002600.1	1599	40928539
scaff_group_021	CAKOES020002601.1	1596	40930135
scaff_group_021	CAKOES020002602.1	1596	40931731
scaff_group_021	CAKOES020002603.1	1593	40933324
scaff_group_021	CAKOES020002604.1	1593	40934917
scaff_group_021	CAKOES020002605.1	1589	40936506
scaff_group_021	CAKOES020002606.1	1587	40938093
scaff_group_021	CAKOES020002607.1	1585	40939678
scaff_group_021	CAKOES020002608.1	1582	40941260
scaff_group_021	CAKOES020002609.1	1581	40942841
scaff_group_021	CAKOES020002610.1	1579	40944420
scaff_group_021	CAKOES020002611.1	1576	40945996
scaff_group_021	CAKOES020002612.1	1574	40947570
scaff_group_021	CAKOES020002613.1	1572	40949142
scaff_group_021	CAKOES020002614.1	1572	40950714
scaff_group_021	CAKOES020002615.1	1572	40952286
scaff_group_021	CAKOES020002616.1	1570	40953856
scaff_group_021	CAKOES020002617.1	1570	40955426
scaff_group_021	CAKOES020002618.1	1569	40956995
scaff_group_021	CAKOES020002619.1	1567	40958562
scaff_group_021	CAKOES020002620.1	1563	40960125
scaff_group_021	CAKOES020002621.1	1562	40961687
scaff_group_021	CAKOES020002622.1	1560	40963247
scaff_group_021	CAKOES020002623.1	1558	40964805
scaff_group_021	CAKOES020002624.1	1558	40966363
scaff_group_021	CAKOES020002625.1	1556	40967919
scaff_group_021	CAKOES020002626.1	1554	40969473
scaff_group_021	CAKOES020002627.1	1554	40971027
scaff_group_021	CAKOES020002628.1	1553	40972580
scaff_group_021	CAKOES020002629.1	1549	40974129
scaff_group_021	CAKOES020002630.1	1544	40975673
scaff_group_021	CAKOES020002631.1	1544	40977217
scaff_group_021	CAKOES020002632.1	1544	40978761
scaff_group_021	CAKOES020002633.1	1538	40980299
scaff_group_021	CAKOES020002634.1	1537	40981836
scaff_group_021	CAKOES020002635.1	1537	40983373
scaff_group_021	CAKOES020002636.1	1537	40984910
scaff_group_021	CAKOES020002637.1	1530	40986440
scaff_group_021	CAKOES020002638.1	1529	40987969
scaff_group_021	CAKOES020002639.1	1522	40989491
scaff_group_021	CAKOES020002640.1	1522	40991013
scaff_group_021	CAKOES020002641.1	1518	40992531
scaff_group_021	CAKOES020002642.1	1514	40994045
scaff_group_021	CAKOES020002643.1	1514	40995559
scaff_group_021	CAKOES020002644.1	1513	40997072
scaff_group_021	CAKOES020002645.1	1510	40998582
scaff_group_021	CAKOES020002646.1	1509	41000091
scaff_group_021	CAKOES020002647.1	1503	41001594
scaff_group_021	CAKOES020002648.1	1498	41003092
scaff_group_021	CAKOES020002649.1	1497	41004589
scaff_group_021	CAKOES020002650.1	1495	41006084
scaff_group_021	CAKOES020002651.1	1495	41007579
scaff_group_021	CAKOES020002652.1	1495	41009074
scaff_group_021	CAKOES020002653.1	1494	41010568
scaff_group_021	CAKOES020002654.1	1493	41012061
scaff_group_021	CAKOES020002655.1	1493	41013554
scaff_group_021	CAKOES020002656.1	1489	41015043
scaff_group_021	CAKOES020002657.1	1487	41016530
scaff_group_021	CAKOES020002658.1	1484	41018014
scaff_group_021	CAKOES020002659.1	1484	41019498
scaff_group_021	CAKOES020002660.1	1483	41020981
scaff_group_021	CAKOES020002661.1	1482	41022463
scaff_group_021	CAKOES020002662.1	1481	41023944
scaff_group_021	CAKOES020002663.1	1480	41025424
scaff_group_021	CAKOES020002664.1	1478	41026902
scaff_group_021	CAKOES020002665.1	1475	41028377
scaff_group_021	CAKOES020002666.1	1473	41029850
scaff_group_021	CAKOES020002667.1	1473	41031323
scaff_group_021	CAKOES020002668.1	1470	41032793
scaff_group_021	CAKOES020002669.1	1470	41034263
scaff_group_021	CAKOES020002670.1	1469	41035732
scaff_group_021	CAKOES020002671.1	1468	41037200
scaff_group_021	CAKOES020002672.1	1466	41038666
scaff_group_021	CAKOES020002673.1	1462	41040128
scaff_group_021	CAKOES020002674.1	1452	41041580
scaff_group_021	CAKOES020002675.1	1451	41043031
scaff_group_021	CAKOES020002676.1	1447	41044478
scaff_group_021	CAKOES020002677.1	1446	41045924
scaff_group_021	CAKOES020002678.1	1446	41047370
scaff_group_021	CAKOES020002679.1	1445	41048815
scaff_group_021	CAKOES020002680.1	1442	41050257
scaff_group_021	CAKOES020002681.1	1440	41051697
scaff_group_021	CAKOES020002682.1	1440	41053137
scaff_group_021	CAKOES020002683.1	1440	41054577
scaff_group_021	CAKOES020002684.1	1437	41056014
scaff_group_021	CAKOES020002685.1	1435	41057449
scaff_group_021	CAKOES020002686.1	1432	41058881
scaff_group_021	CAKOES020002687.1	1432	41060313
scaff_group_021	CAKOES020002688.1	1431	41061744
scaff_group_021	CAKOES020002689.1	1431	41063175
scaff_group_021	CAKOES020002690.1	1428	41064603
scaff_group_021	CAKOES020002691.1	1424	41066027
scaff_group_021	CAKOES020002692.1	1421	41067448
scaff_group_021	CAKOES020002693.1	1421	41068869
scaff_group_021	CAKOES020002694.1	1421	41070290
scaff_group_021	CAKOES020002695.1	1417	41071707
scaff_group_021	CAKOES020002696.1	1415	41073122
scaff_group_021	CAKOES020002697.1	1415	41074537
scaff_group_021	CAKOES020002698.1	1411	41075948
scaff_group_021	CAKOES020002699.1	1411	41077359
scaff_group_021	CAKOES020002700.1	1411	41078770
scaff_group_021	CAKOES020002701.1	1410	41080180
scaff_group_021	CAKOES020002702.1	1409	41081589
scaff_group_021	CAKOES020002703.1	1402	41082991
scaff_group_021	CAKOES020002704.1	1401	41084392
scaff_group_021	CAKOES020002705.1	1399	41085791
scaff_group_021	CAKOES020002706.1	1399	41087190
scaff_group_021	CAKOES020002707.1	1394	41088584
scaff_group_021	CAKOES020002708.1	1388	41089972
scaff_group_021	CAKOES020002709.1	1388	41091360
scaff_group_021	CAKOES020002710.1	1382	41092742
scaff_group_021	CAKOES020002711.1	1380	41094122
scaff_group_021	CAKOES020002712.1	1378	41095500
scaff_group_021	CAKOES020002713.1	1377	41096877
scaff_group_021	CAKOES020002714.1	1376	41098253
scaff_group_021	CAKOES020002715.1	1374	41099627
scaff_group_021	CAKOES020002716.1	1374	41101001
scaff_group_021	CAKOES020002717.1	1373	41102374
scaff_group_021	CAKOES020002718.1	1373	41103747
scaff_group_021	CAKOES020002719.1	1367	41105114
scaff_group_021	CAKOES020002720.1	1365	41106479
scaff_group_021	CAKOES020002721.1	1359	41107838
scaff_group_021	CAKOES020002722.1	1355	41109193
scaff_group_021	CAKOES020002723.1	1355	41110548
scaff_group_021	CAKOES020002724.1	1353	41111901
scaff_group_021	CAKOES020002725.1	1353	41113254
scaff_group_021	CAKOES020002726.1	1352	41114606
scaff_group_021	CAKOES020002727.1	1352	41115958
scaff_group_021	CAKOES020002728.1	1352	41117310
scaff_group_021	CAKOES020002729.1	1349	41118659
scaff_group_021	CAKOES020002730.1	1349	41120008
scaff_group_021	CAKOES020002731.1	1347	41121355
scaff_group_021	CAKOES020002732.1	1345	41122700
scaff_group_021	CAKOES020002733.1	1339	41124039
scaff_group_021	CAKOES020002734.1	1337	41125376
scaff_group_021	CAKOES020002735.1	1336	41126712
scaff_group_021	CAKOES020002736.1	1332	41128044
scaff_group_021	CAKOES020002737.1	1323	41129367
scaff_group_021	CAKOES020002738.1	1323	41130690
scaff_group_021	CAKOES020002739.1	1320	41132010
scaff_group_021	CAKOES020002740.1	1318	41133328
scaff_group_021	CAKOES020002741.1	1317	41134645
scaff_group_021	CAKOES020002742.1	1316	41135961
scaff_group_021	CAKOES020002743.1	1316	41137277
scaff_group_021	CAKOES020002744.1	1313	41138590
scaff_group_021	CAKOES020002745.1	1311	41139901
scaff_group_021	CAKOES020002746.1	1307	41141208
scaff_group_021	CAKOES020002747.1	1306	41142514
scaff_group_021	CAKOES020002748.1	1304	41143818
scaff_group_021	CAKOES020002749.1	1302	41145120
scaff_group_021	CAKOES020002750.1	1301	41146421
scaff_group_021	CAKOES020002751.1	1299	41147720
scaff_group_021	CAKOES020002752.1	1298	41149018
scaff_group_021	CAKOES020002753.1	1296	41150314
scaff_group_021	CAKOES020002754.1	1289	41151603
scaff_group_021	CAKOES020002755.1	1287	41152890
scaff_group_021	CAKOES020002756.1	1270	41154160
scaff_group_021	CAKOES020002757.1	1269	41155429
scaff_group_021	CAKOES020002758.1	1267	41156696
scaff_group_021	CAKOES020002759.1	1265	41157961
scaff_group_021	CAKOES020002760.1	1265	41159226
scaff_group_021	CAKOES020002761.1	1260	41160486
scaff_group_021	CAKOES020002762.1	1259	41161745
scaff_group_021	CAKOES020002763.1	1258	41163003
scaff_group_021	CAKOES020002764.1	1258	41164261
scaff_group_021	CAKOES020002765.1	1257	41165518
scaff_group_021	CAKOES020002766.1	1257	41166775
scaff_group_021	CAKOES020002767.1	1256	41168031
scaff_group_021	CAKOES020002768.1	1255	41169286
scaff_group_021	CAKOES020002769.1	1253	41170539
scaff_group_021	CAKOES020002770.1	1253	41171792
scaff_group_021	CAKOES020002771.1	1252	41173044
scaff_group_021	CAKOES020002772.1	1252	41174296
scaff_group_021	CAKOES020002773.1	1251	41175547
scaff_group_021	CAKOES020002774.1	1248	41176795
scaff_group_021	CAKOES020002775.1	1245	41178040
scaff_group_021	CAKOES020002776.1	1244	41179284
scaff_group_021	CAKOES020002777.1	1243	41180527
scaff_group_021	CAKOES020002778.1	1242	41181769
scaff_group_021	CAKOES020002779.1	1239	41183008
scaff_group_021	CAKOES020002780.1	1234	41184242
scaff_group_021	CAKOES020002781.1	1231	41185473
scaff_group_021	CAKOES020002782.1	1231	41186704
scaff_group_021	CAKOES020002783.1	1228	41187932
scaff_group_021	CAKOES020002784.1	1225	41189157
scaff_group_021	CAKOES020002785.1	1225	41190382
scaff_group_021	CAKOES020002786.1	1223	41191605
scaff_group_021	CAKOES020002787.1	1219	41192824
scaff_group_021	CAKOES020002788.1	1218	41194042
scaff_group_021	CAKOES020002789.1	1215	41195257
scaff_group_021	CAKOES020002790.1	1214	41196471
scaff_group_021	CAKOES020002791.1	1214	41197685
scaff_group_021	CAKOES020002792.1	1213	41198898
scaff_group_021	CAKOES020002793.1	1213	41200111
scaff_group_021	CAKOES020002794.1	1212	41201323
scaff_group_021	CAKOES020002795.1	1207	41202530
scaff_group_021	CAKOES020002796.1	1207	41203737
scaff_group_021	CAKOES020002797.1	1206	41204943
scaff_group_021	CAKOES020002798.1	1202	41206145
scaff_group_021	CAKOES020002799.1	1202	41207347
scaff_group_021	CAKOES020002800.1	1202	41208549
scaff_group_021	CAKOES020002801.1	1197	41209746
scaff_group_021	CAKOES020002802.1	1196	41210942
scaff_group_021	CAKOES020002803.1	1196	41212138
scaff_group_021	CAKOES020002804.1	1196	41213334
scaff_group_021	CAKOES020002805.1	1195	41214529
scaff_group_021	CAKOES020002806.1	1194	41215723
scaff_group_021	CAKOES020002807.1	1193	41216916
scaff_group_021	CAKOES020002808.1	1191	41218107
scaff_group_021	CAKOES020002809.1	1188	41219295
scaff_group_021	CAKOES020002810.1	1185	41220480
scaff_group_021	CAKOES020002811.1	1182	41221662
scaff_group_021	CAKOES020002812.1	1177	41222839
scaff_group_021	CAKOES020002813.1	1177	41224016
scaff_group_021	CAKOES020002814.1	1172	41225188
scaff_group_021	CAKOES020002815.1	1171	41226359
scaff_group_021	CAKOES020002816.1	1170	41227529
scaff_group_021	CAKOES020002817.1	1167	41228696
scaff_group_021	CAKOES020002818.1	1166	41229862
scaff_group_021	CAKOES020002819.1	1163	41231025
scaff_group_021	CAKOES020002820.1	1162	41232187
scaff_group_021	CAKOES020002821.1	1161	41233348
scaff_group_021	CAKOES020002822.1	1160	41234508
scaff_group_021	CAKOES020002823.1	1160	41235668
scaff_group_021	CAKOES020002824.1	1153	41236821
scaff_group_021	CAKOES020002825.1	1152	41237973
scaff_group_021	CAKOES020002826.1	1151	41239124
scaff_group_021	CAKOES020002827.1	1150	41240274
scaff_group_021	CAKOES020002828.1	1150	41241424
scaff_group_021	CAKOES020002829.1	1147	41242571
scaff_group_021	CAKOES020002830.1	1144	41243715
scaff_group_021	CAKOES020002831.1	1144	41244859
scaff_group_021	CAKOES020002832.1	1144	41246003
scaff_group_021	CAKOES020002833.1	1143	41247146
scaff_group_021	CAKOES020002834.1	1143	41248289
scaff_group_021	CAKOES020002835.1	1142	41249431
scaff_group_021	CAKOES020002836.1	1139	41250570
scaff_group_021	CAKOES020002837.1	1138	41251708
scaff_group_021	CAKOES020002838.1	1136	41252844
scaff_group_021	CAKOES020002839.1	1134	41253978
scaff_group_021	CAKOES020002840.1	1130	41255108
scaff_group_021	CAKOES020002841.1	1130	41256238
scaff_group_021	CAKOES020002842.1	1129	41257367
scaff_group_021	CAKOES020002843.1	1126	41258493
scaff_group_021	CAKOES020002844.1	1123	41259616
scaff_group_021	CAKOES020002845.1	1122	41260738
scaff_group_021	CAKOES020002846.1	1122	41261860
scaff_group_021	CAKOES020002847.1	1121	41262981
scaff_group_021	CAKOES020002848.1	1120	41264101
scaff_group_021	CAKOES020002849.1	1118	41265219
scaff_group_021	CAKOES020002850.1	1116	41266335
scaff_group_021	CAKOES020002851.1	1116	41267451
scaff_group_021	CAKOES020002852.1	1115	41268566
scaff_group_021	CAKOES020002853.1	1112	41269678
scaff_group_021	CAKOES020002854.1	1111	41270789
scaff_group_021	CAKOES020002855.1	1107	41271896
scaff_group_021	CAKOES020002856.1	1102	41272998
scaff_group_021	CAKOES020002857.1	1100	41274098
scaff_group_021	CAKOES020002858.1	1095	41275193
scaff_group_021	CAKOES020002859.1	1093	41276286
scaff_group_021	CAKOES020002860.1	1093	41277379
scaff_group_021	CAKOES020002861.1	1092	41278471
scaff_group_021	CAKOES020002862.1	1090	41279561
scaff_group_021	CAKOES020002863.1	1082	41280643
scaff_group_021	CAKOES020002864.1	1082	41281725
scaff_group_021	CAKOES020002865.1	1080	41282805
scaff_group_021	CAKOES020002866.1	1077	41283882
scaff_group_021	CAKOES020002867.1	1077	41284959
scaff_group_021	CAKOES020002868.1	1075	41286034
scaff_group_021	CAKOES020002869.1	1074	41287108
scaff_group_021	CAKOES020002870.1	1072	41288180
scaff_group_021	CAKOES020002871.1	1068	41289248
scaff_group_021	CAKOES020002872.1	1068	41290316
scaff_group_021	CAKOES020002873.1	1068	41291384
scaff_group_021	CAKOES020002874.1	1066	41292450
scaff_group_021	CAKOES020002875.1	1064	41293514
scaff_group_021	CAKOES020002876.1	1061	41294575
scaff_group_021	CAKOES020002877.1	1058	41295633
scaff_group_021	CAKOES020002878.1	1058	41296691
scaff_group_021	CAKOES020002879.1	1053	41297744
scaff_group_021	CAKOES020002880.1	1051	41298795
scaff_group_021	CAKOES020002881.1	1047	41299842
scaff_group_021	CAKOES020002882.1	1046	41300888
scaff_group_021	CAKOES020002883.1	1042	41301930
scaff_group_021	CAKOES020002884.1	1038	41302968
scaff_group_021	CAKOES020002885.1	1037	41304005
scaff_group_021	CAKOES020002886.1	1036	41305041
scaff_group_021	CAKOES020002887.1	1035	41306076
scaff_group_021	CAKOES020002888.1	1034	41307110
scaff_group_021	CAKOES020002889.1	1029	41308139
scaff_group_021	CAKOES020002890.1	1021	41309160
scaff_group_021	CAKOES020002891.1	1020	41310180
scaff_group_021	CAKOES020002892.1	1017	41311197
scaff_group_021	CAKOES020002893.1	1010	41312207
scaff_group_021	CAKOES020002894.1	1006	41313213
scaff_group_021	CAKOES020002895.1	1006	41314219
scaff_group_021	CAKOES020002896.1	1001	41315220
scaff_group_021	CAKOES020002897.1	999	41316219
scaff_group_021	CAKOES020002898.1	998	41317217
scaff_group_021	CAKOES020002899.1	998	41318215
scaff_group_021	CAKOES020002900.1	996	41319211
scaff_group_021	CAKOES020002901.1	996	41320207
scaff_group_021	CAKOES020002902.1	995	41321202
scaff_group_021	CAKOES020002903.1	995	41322197
scaff_group_021	CAKOES020002904.1	995	41323192
scaff_group_021	CAKOES020002905.1	994	41324186
scaff_group_021	CAKOES020002906.1	993	41325179
scaff_group_021	CAKOES020002907.1	993	41326172
scaff_group_021	CAKOES020002908.1	993	41327165
scaff_group_021	CAKOES020002909.1	993	41328158
scaff_group_021	CAKOES020002910.1	992	41329150
scaff_group_021	CAKOES020002911.1	992	41330142
scaff_group_021	CAKOES020002912.1	991	41331133
scaff_group_021	CAKOES020002913.1	991	41332124
scaff_group_021	CAKOES020002914.1	991	41333115
scaff_group_021	CAKOES020002915.1	990	41334105
scaff_group_021	CAKOES020002916.1	988	41335093
scaff_group_021	CAKOES020002917.1	988	41336081
scaff_group_021	CAKOES020002918.1	988	41337069
scaff_group_021	CAKOES020002919.1	988	41338057
scaff_group_021	CAKOES020002920.1	988	41339045
scaff_group_021	CAKOES020002921.1	986	41340031
scaff_group_021	CAKOES020002922.1	986	41341017
scaff_group_021	CAKOES020002923.1	986	41342003
scaff_group_021	CAKOES020002924.1	986	41342989
scaff_group_021	CAKOES020002925.1	985	41343974
scaff_group_021	CAKOES020002926.1	984	41344958
scaff_group_021	CAKOES020002927.1	984	41345942
scaff_group_021	CAKOES020002928.1	984	41346926
scaff_group_021	CAKOES020002929.1	983	41347909
scaff_group_021	CAKOES020002930.1	983	41348892
scaff_group_021	CAKOES020002931.1	983	41349875
scaff_group_021	CAKOES020002932.1	983	41350858
scaff_group_021	CAKOES020002933.1	982	41351840
scaff_group_021	CAKOES020002934.1	982	41352822
scaff_group_021	CAKOES020002935.1	982	41353804
scaff_group_021	CAKOES020002936.1	982	41354786
scaff_group_021	CAKOES020002937.1	981	41355767
scaff_group_021	CAKOES020002938.1	981	41356748
scaff_group_021	CAKOES020002939.1	981	41357729
scaff_group_021	CAKOES020002940.1	980	41358709
scaff_group_021	CAKOES020002941.1	980	41359689
scaff_group_021	CAKOES020002942.1	979	41360668
scaff_group_021	CAKOES020002943.1	979	41361647
scaff_group_021	CAKOES020002944.1	978	41362625
scaff_group_021	CAKOES020002945.1	978	41363603
scaff_group_021	CAKOES020002946.1	977	41364580
scaff_group_021	CAKOES020002947.1	975	41365555
scaff_group_021	CAKOES020002948.1	975	41366530
scaff_group_021	CAKOES020002949.1	974	41367504
scaff_group_021	CAKOES020002950.1	974	41368478
scaff_group_021	CAKOES020002951.1	973	41369451
scaff_group_021	CAKOES020002952.1	970	41370421
scaff_group_021	CAKOES020002953.1	970	41371391
scaff_group_021	CAKOES020002954.1	970	41372361
scaff_group_021	CAKOES020002955.1	970	41373331
scaff_group_021	CAKOES020002956.1	970	41374301
scaff_group_021	CAKOES020002957.1	968	41375269
scaff_group_021	CAKOES020002958.1	968	41376237
scaff_group_021	CAKOES020002959.1	967	41377204
scaff_group_021	CAKOES020002960.1	966	41378170
scaff_group_021	CAKOES020002961.1	966	41379136
scaff_group_021	CAKOES020002962.1	965	41380101
scaff_group_021	CAKOES020002963.1	965	41381066
scaff_group_021	CAKOES020002964.1	965	41382031
scaff_group_021	CAKOES020002965.1	965	41382996
scaff_group_021	CAKOES020002966.1	964	41383960
scaff_group_021	CAKOES020002967.1	963	41384923
scaff_group_021	CAKOES020002968.1	963	41385886
scaff_group_021	CAKOES020002969.1	963	41386849
scaff_group_021	CAKOES020002970.1	963	41387812
scaff_group_021	CAKOES020002971.1	961	41388773
scaff_group_021	CAKOES020002972.1	961	41389734
scaff_group_021	CAKOES020002973.1	961	41390695
scaff_group_021	CAKOES020002974.1	961	41391656
scaff_group_021	CAKOES020002975.1	960	41392616
scaff_group_021	CAKOES020002976.1	960	41393576
scaff_group_021	CAKOES020002977.1	960	41394536
scaff_group_021	CAKOES020002978.1	960	41395496
scaff_group_021	CAKOES020002979.1	959	41396455
scaff_group_021	CAKOES020002980.1	959	41397414
scaff_group_021	CAKOES020002981.1	959	41398373
scaff_group_021	CAKOES020002982.1	958	41399331
scaff_group_021	CAKOES020002983.1	958	41400289
scaff_group_021	CAKOES020002984.1	958	41401247
scaff_group_021	CAKOES020002985.1	957	41402204
scaff_group_021	CAKOES020002986.1	957	41403161
scaff_group_021	CAKOES020002987.1	957	41404118
scaff_group_021	CAKOES020002988.1	956	41405074
scaff_group_021	CAKOES020002989.1	956	41406030
scaff_group_021	CAKOES020002990.1	955	41406985
scaff_group_021	CAKOES020002991.1	955	41407940
scaff_group_021	CAKOES020002992.1	955	41408895
scaff_group_021	CAKOES020002993.1	955	41409850
scaff_group_021	CAKOES020002994.1	955	41410805
scaff_group_021	CAKOES020002995.1	953	41411758
scaff_group_021	CAKOES020002996.1	953	41412711
scaff_group_021	CAKOES020002997.1	953	41413664
scaff_group_021	CAKOES020002998.1	952	41414616
scaff_group_021	CAKOES020002999.1	952	41415568
scaff_group_021	CAKOES020003000.1	951	41416519
scaff_group_021	CAKOES020003001.1	949	41417468
scaff_group_021	CAKOES020003002.1	948	41418416
scaff_group_021	CAKOES020003003.1	948	41419364
scaff_group_021	CAKOES020003004.1	948	41420312
scaff_group_021	CAKOES020003005.1	946	41421258
scaff_group_021	CAKOES020003006.1	946	41422204
scaff_group_021	CAKOES020003007.1	945	41423149
scaff_group_021	CAKOES020003008.1	945	41424094
scaff_group_021	CAKOES020003009.1	945	41425039
scaff_group_021	CAKOES020003010.1	945	41425984
scaff_group_021	CAKOES020003011.1	943	41426927
scaff_group_021	CAKOES020003012.1	943	41427870
scaff_group_021	CAKOES020003013.1	943	41428813
scaff_group_021	CAKOES020003014.1	941	41429754
scaff_group_021	CAKOES020003015.1	941	41430695
scaff_group_021	CAKOES020003016.1	940	41431635
scaff_group_021	CAKOES020003017.1	939	41432574
scaff_group_021	CAKOES020003018.1	938	41433512
scaff_group_021	CAKOES020003019.1	938	41434450
scaff_group_021	CAKOES020003020.1	938	41435388
scaff_group_021	CAKOES020003021.1	938	41436326
scaff_group_021	CAKOES020003022.1	937	41437263
scaff_group_021	CAKOES020003023.1	936	41438199
scaff_group_021	CAKOES020003024.1	936	41439135
scaff_group_021	CAKOES020003025.1	935	41440070
scaff_group_021	CAKOES020003026.1	935	41441005
scaff_group_021	CAKOES020003027.1	934	41441939
scaff_group_021	CAKOES020003028.1	933	41442872
scaff_group_021	CAKOES020003029.1	932	41443804
scaff_group_021	CAKOES020003030.1	932	41444736
scaff_group_021	CAKOES020003031.1	932	41445668
scaff_group_021	CAKOES020003032.1	931	41446599
scaff_group_021	CAKOES020003033.1	931	41447530
scaff_group_021	CAKOES020003034.1	931	41448461
scaff_group_021	CAKOES020003035.1	930	41449391
scaff_group_021	CAKOES020003036.1	929	41450320
scaff_group_021	CAKOES020003037.1	929	41451249
scaff_group_021	CAKOES020003038.1	929	41452178
scaff_group_021	CAKOES020003039.1	926	41453104
scaff_group_021	CAKOES020003040.1	926	41454030
scaff_group_021	CAKOES020003041.1	925	41454955
scaff_group_021	CAKOES020003042.1	925	41455880
scaff_group_021	CAKOES020003043.1	925	41456805
scaff_group_021	CAKOES020003044.1	924	41457729
scaff_group_021	CAKOES020003045.1	924	41458653
scaff_group_021	CAKOES020003046.1	923	41459576
scaff_group_021	CAKOES020003047.1	923	41460499
scaff_group_021	CAKOES020003048.1	922	41461421
scaff_group_021	CAKOES020003049.1	922	41462343
scaff_group_021	CAKOES020003050.1	922	41463265
scaff_group_021	CAKOES020003051.1	920	41464185
scaff_group_021	CAKOES020003052.1	920	41465105
scaff_group_021	CAKOES020003053.1	920	41466025
scaff_group_021	CAKOES020003054.1	920	41466945
scaff_group_021	CAKOES020003055.1	920	41467865
scaff_group_021	CAKOES020003056.1	920	41468785
scaff_group_021	CAKOES020003057.1	919	41469704
scaff_group_021	CAKOES020003058.1	919	41470623
scaff_group_021	CAKOES020003059.1	919	41471542
scaff_group_021	CAKOES020003060.1	916	41472458
scaff_group_021	CAKOES020003061.1	916	41473374
scaff_group_021	CAKOES020003062.1	915	41474289
scaff_group_021	CAKOES020003063.1	914	41475203
scaff_group_021	CAKOES020003064.1	914	41476117
scaff_group_021	CAKOES020003065.1	913	41477030
scaff_group_021	CAKOES020003066.1	912	41477942
scaff_group_021	CAKOES020003067.1	911	41478853
scaff_group_021	CAKOES020003068.1	911	41479764
scaff_group_021	CAKOES020003069.1	910	41480674
scaff_group_021	CAKOES020003070.1	909	41481583
scaff_group_021	CAKOES020003071.1	907	41482490
scaff_group_021	CAKOES020003072.1	906	41483396
scaff_group_021	CAKOES020003073.1	905	41484301
scaff_group_021	CAKOES020003074.1	905	41485206
scaff_group_021	CAKOES020003075.1	904	41486110
scaff_group_021	CAKOES020003076.1	904	41487014
scaff_group_021	CAKOES020003077.1	903	41487917
scaff_group_021	CAKOES020003078.1	903	41488820
scaff_group_021	CAKOES020003079.1	903	41489723
scaff_group_021	CAKOES020003080.1	902	41490625
scaff_group_021	CAKOES020003081.1	901	41491526
scaff_group_021	CAKOES020003082.1	898	41492424
scaff_group_021	CAKOES020003083.1	896	41493320
scaff_group_021	CAKOES020003084.1	896	41494216
scaff_group_021	CAKOES020003085.1	896	41495112
scaff_group_021	CAKOES020003086.1	896	41496008
scaff_group_021	CAKOES020003087.1	893	41496901
scaff_group_021	CAKOES020003088.1	893	41497794
scaff_group_021	CAKOES020003089.1	892	41498686
scaff_group_021	CAKOES020003090.1	891	41499577
scaff_group_021	CAKOES020003091.1	891	41500468
scaff_group_021	CAKOES020003092.1	891	41501359
scaff_group_021	CAKOES020003093.1	890	41502249
scaff_group_021	CAKOES020003094.1	890	41503139
scaff_group_021	CAKOES020003095.1	889	41504028
scaff_group_021	CAKOES020003096.1	889	41504917
scaff_group_021	CAKOES020003097.1	888	41505805
scaff_group_021	CAKOES020003098.1	888	41506693
scaff_group_021	CAKOES020003099.1	887	41507580
scaff_group_021	CAKOES020003100.1	887	41508467
scaff_group_021	CAKOES020003101.1	886	41509353
scaff_group_021	CAKOES020003102.1	885	41510238
scaff_group_021	CAKOES020003103.1	884	41511122
scaff_group_021	CAKOES020003104.1	884	41512006
scaff_group_021	CAKOES020003105.1	882	41512888
scaff_group_021	CAKOES020003106.1	881	41513769
scaff_group_021	CAKOES020003107.1	881	41514650
scaff_group_021	CAKOES020003108.1	881	41515531
scaff_group_021	CAKOES020003109.1	881	41516412
scaff_group_021	CAKOES020003110.1	881	41517293
scaff_group_021	CAKOES020003111.1	880	41518173
scaff_group_021	CAKOES020003112.1	879	41519052
scaff_group_021	CAKOES020003113.1	879	41519931
scaff_group_021	CAKOES020003114.1	879	41520810
scaff_group_021	CAKOES020003115.1	879	41521689
scaff_group_021	CAKOES020003116.1	879	41522568
scaff_group_021	CAKOES020003117.1	879	41523447
scaff_group_021	CAKOES020003118.1	878	41524325
scaff_group_021	CAKOES020003119.1	877	41525202
scaff_group_021	CAKOES020003120.1	876	41526078
scaff_group_021	CAKOES020003121.1	876	41526954
scaff_group_021	CAKOES020003122.1	875	41527829
scaff_group_021	CAKOES020003123.1	874	41528703
scaff_group_021	CAKOES020003124.1	874	41529577
scaff_group_021	CAKOES020003125.1	871	41530448
scaff_group_021	CAKOES020003126.1	871	41531319
scaff_group_021	CAKOES020003127.1	871	41532190
scaff_group_021	CAKOES020003128.1	870	41533060
scaff_group_021	CAKOES020003129.1	870	41533930
scaff_group_021	CAKOES020003130.1	870	41534800
scaff_group_021	CAKOES020003131.1	870	41535670
scaff_group_021	CAKOES020003132.1	868	41536538
scaff_group_021	CAKOES020003133.1	867	41537405
scaff_group_021	CAKOES020003134.1	866	41538271
scaff_group_021	CAKOES020003135.1	866	41539137
scaff_group_021	CAKOES020003136.1	866	41540003
scaff_group_021	CAKOES020003137.1	866	41540869
scaff_group_021	CAKOES020003138.1	865	41541734
scaff_group_021	CAKOES020003139.1	863	41542597
scaff_group_021	CAKOES020003140.1	862	41543459
scaff_group_021	CAKOES020003141.1	862	41544321
scaff_group_021	CAKOES020003142.1	861	41545182
scaff_group_021	CAKOES020003143.1	861	41546043
scaff_group_021	CAKOES020003144.1	860	41546903
scaff_group_021	CAKOES020003145.1	858	41547761
scaff_group_021	CAKOES020003146.1	858	41548619
scaff_group_021	CAKOES020003147.1	858	41549477
scaff_group_021	CAKOES020003148.1	857	41550334
scaff_group_021	CAKOES020003149.1	857	41551191
scaff_group_021	CAKOES020003150.1	856	41552047
scaff_group_021	CAKOES020003151.1	856	41552903
scaff_group_021	CAKOES020003152.1	856	41553759
scaff_group_021	CAKOES020003153.1	856	41554615
scaff_group_021	CAKOES020003154.1	856	41555471
scaff_group_021	CAKOES020003155.1	855	41556326
scaff_group_021	CAKOES020003156.1	855	41557181
scaff_group_021	CAKOES020003157.1	853	41558034
scaff_group_021	CAKOES020003158.1	852	41558886
scaff_group_021	CAKOES020003159.1	850	41559736
scaff_group_021	CAKOES020003160.1	850	41560586
scaff_group_021	CAKOES020003161.1	850	41561436
scaff_group_021	CAKOES020003162.1	850	41562286
scaff_group_021	CAKOES020003163.1	849	41563135
scaff_group_021	CAKOES020003164.1	848	41563983
scaff_group_021	CAKOES020003165.1	847	41564830
scaff_group_021	CAKOES020003166.1	845	41565675
scaff_group_021	CAKOES020003167.1	845	41566520
scaff_group_021	CAKOES020003168.1	844	41567364
scaff_group_021	CAKOES020003169.1	842	41568206
scaff_group_021	CAKOES020003170.1	841	41569047
scaff_group_021	CAKOES020003171.1	839	41569886
scaff_group_021	CAKOES020003172.1	839	41570725
scaff_group_021	CAKOES020003173.1	839	41571564
scaff_group_021	CAKOES020003174.1	838	41572402
scaff_group_021	CAKOES020003175.1	838	41573240
scaff_group_021	CAKOES020003176.1	838	41574078
scaff_group_021	CAKOES020003177.1	837	41574915
scaff_group_021	CAKOES020003178.1	836	41575751
scaff_group_021	CAKOES020003179.1	836	41576587
scaff_group_021	CAKOES020003180.1	835	41577422
scaff_group_021	CAKOES020003181.1	834	41578256
scaff_group_021	CAKOES020003182.1	833	41579089
scaff_group_021	CAKOES020003183.1	832	41579921
scaff_group_021	CAKOES020003184.1	831	41580752
scaff_group_021	CAKOES020003185.1	831	41581583
scaff_group_021	CAKOES020003186.1	831	41582414
scaff_group_021	CAKOES020003187.1	831	41583245
scaff_group_021	CAKOES020003188.1	830	41584075
scaff_group_021	CAKOES020003189.1	830	41584905
scaff_group_021	CAKOES020003190.1	830	41585735
scaff_group_021	CAKOES020003191.1	830	41586565
scaff_group_021	CAKOES020003192.1	830	41587395
scaff_group_021	CAKOES020003193.1	829	41588224
scaff_group_021	CAKOES020003194.1	829	41589053
scaff_group_021	CAKOES020003195.1	829	41589882
scaff_group_021	CAKOES020003196.1	829	41590711
scaff_group_021	CAKOES020003197.1	827	41591538
scaff_group_021	CAKOES020003198.1	827	41592365
scaff_group_021	CAKOES020003199.1	825	41593190
scaff_group_021	CAKOES020003200.1	824	41594014
scaff_group_021	CAKOES020003201.1	824	41594838
scaff_group_021	CAKOES020003202.1	823	41595661
scaff_group_021	CAKOES020003203.1	822	41596483
scaff_group_021	CAKOES020003204.1	822	41597305
scaff_group_021	CAKOES020003205.1	821	41598126
scaff_group_021	CAKOES020003206.1	821	41598947
scaff_group_021	CAKOES020003207.1	821	41599768
scaff_group_021	CAKOES020003208.1	820	41600588
scaff_group_021	CAKOES020003209.1	820	41601408
scaff_group_021	CAKOES020003210.1	820	41602228
scaff_group_021	CAKOES020003211.1	820	41603048
scaff_group_021	CAKOES020003212.1	820	41603868
scaff_group_021	CAKOES020003213.1	819	41604687
scaff_group_021	CAKOES020003214.1	818	41605505
scaff_group_021	CAKOES020003215.1	818	41606323
scaff_group_021	CAKOES020003216.1	818	41607141
scaff_group_021	CAKOES020003217.1	818	41607959
scaff_group_021	CAKOES020003218.1	818	41608777
scaff_group_021	CAKOES020003219.1	818	41609595
scaff_group_021	CAKOES020003220.1	817	41610412
scaff_group_021	CAKOES020003221.1	817	41611229
scaff_group_021	CAKOES020003222.1	816	41612045
scaff_group_021	CAKOES020003223.1	816	41612861
scaff_group_021	CAKOES020003224.1	815	41613676
scaff_group_021	CAKOES020003225.1	815	41614491
scaff_group_021	CAKOES020003226.1	814	41615305
scaff_group_021	CAKOES020003227.1	814	41616119
scaff_group_021	CAKOES020003228.1	813	41616932
scaff_group_021	CAKOES020003229.1	811	41617743
scaff_group_021	CAKOES020003230.1	811	41618554
scaff_group_021	CAKOES020003231.1	811	41619365
scaff_group_021	CAKOES020003232.1	810	41620175
scaff_group_021	CAKOES020003233.1	809	41620984
scaff_group_021	CAKOES020003234.1	809	41621793
scaff_group_021	CAKOES020003235.1	808	41622601
scaff_group_021	CAKOES020003236.1	808	41623409
scaff_group_021	CAKOES020003237.1	808	41624217
scaff_group_021	CAKOES020003238.1	807	41625024
scaff_group_021	CAKOES020003239.1	807	41625831
scaff_group_021	CAKOES020003240.1	806	41626637
scaff_group_021	CAKOES020003241.1	806	41627443
scaff_group_021	CAKOES020003242.1	806	41628249
scaff_group_021	CAKOES020003243.1	806	41629055
scaff_group_021	CAKOES020003244.1	803	41629858
scaff_group_021	CAKOES020003245.1	802	41630660
scaff_group_021	CAKOES020003246.1	802	41631462
scaff_group_021	CAKOES020003247.1	801	41632263
scaff_group_021	CAKOES020003248.1	800	41633063
scaff_group_021	CAKOES020003249.1	800	41633863
scaff_group_021	CAKOES020003250.1	798	41634661
scaff_group_021	CAKOES020003251.1	798	41635459
scaff_group_021	CAKOES020003252.1	798	41636257
scaff_group_021	CAKOES020003253.1	797	41637054
scaff_group_021	CAKOES020003254.1	796	41637850
scaff_group_021	CAKOES020003255.1	795	41638645
scaff_group_021	CAKOES020003256.1	794	41639439
scaff_group_021	CAKOES020003257.1	792	41640231
scaff_group_021	CAKOES020003258.1	792	41641023
scaff_group_021	CAKOES020003259.1	792	41641815
scaff_group_021	CAKOES020003260.1	791	41642606
scaff_group_021	CAKOES020003261.1	791	41643397
scaff_group_021	CAKOES020003262.1	790	41644187
scaff_group_021	CAKOES020003263.1	790	41644977
scaff_group_021	CAKOES020003264.1	790	41645767
scaff_group_021	CAKOES020003265.1	789	41646556
scaff_group_021	CAKOES020003266.1	788	41647344
scaff_group_021	CAKOES020003267.1	788	41648132
scaff_group_021	CAKOES020003268.1	788	41648920
scaff_group_021	CAKOES020003269.1	787	41649707
scaff_group_021	CAKOES020003270.1	787	41650494
scaff_group_021	CAKOES020003271.1	786	41651280
scaff_group_021	CAKOES020003272.1	784	41652064
scaff_group_021	CAKOES020003273.1	783	41652847
scaff_group_021	CAKOES020003274.1	783	41653630
scaff_group_021	CAKOES020003275.1	783	41654413
scaff_group_021	CAKOES020003276.1	782	41655195
scaff_group_021	CAKOES020003277.1	782	41655977
scaff_group_021	CAKOES020003278.1	782	41656759
scaff_group_021	CAKOES020003279.1	782	41657541
scaff_group_021	CAKOES020003280.1	782	41658323
scaff_group_021	CAKOES020003281.1	782	41659105
scaff_group_021	CAKOES020003282.1	780	41659885
scaff_group_021	CAKOES020003283.1	777	41660662
scaff_group_021	CAKOES020003284.1	776	41661438
scaff_group_021	CAKOES020003285.1	776	41662214
scaff_group_021	CAKOES020003286.1	775	41662989
scaff_group_021	CAKOES020003287.1	775	41663764
scaff_group_021	CAKOES020003288.1	774	41664538
scaff_group_021	CAKOES020003289.1	773	41665311
scaff_group_021	CAKOES020003290.1	773	41666084
scaff_group_021	CAKOES020003291.1	773	41666857
scaff_group_021	CAKOES020003292.1	772	41667629
scaff_group_021	CAKOES020003293.1	771	41668400
scaff_group_021	CAKOES020003294.1	771	41669171
scaff_group_021	CAKOES020003295.1	771	41669942
scaff_group_021	CAKOES020003296.1	768	41670710
scaff_group_021	CAKOES020003297.1	768	41671478
scaff_group_021	CAKOES020003298.1	768	41672246
scaff_group_021	CAKOES020003299.1	767	41673013
scaff_group_021	CAKOES020003300.1	767	41673780
scaff_group_021	CAKOES020003301.1	767	41674547
scaff_group_021	CAKOES020003302.1	767	41675314
scaff_group_021	CAKOES020003303.1	765	41676079
scaff_group_021	CAKOES020003304.1	765	41676844
scaff_group_021	CAKOES020003305.1	765	41677609
scaff_group_021	CAKOES020003306.1	764	41678373
scaff_group_021	CAKOES020003307.1	763	41679136
scaff_group_021	CAKOES020003308.1	761	41679897
scaff_group_021	CAKOES020003309.1	761	41680658
scaff_group_021	CAKOES020003310.1	760	41681418
scaff_group_021	CAKOES020003311.1	758	41682176
scaff_group_021	CAKOES020003312.1	758	41682934
scaff_group_021	CAKOES020003313.1	758	41683692
scaff_group_021	CAKOES020003314.1	757	41684449
scaff_group_021	CAKOES020003315.1	757	41685206
scaff_group_021	CAKOES020003316.1	757	41685963
scaff_group_021	CAKOES020003317.1	756	41686719
scaff_group_021	CAKOES020003318.1	756	41687475
scaff_group_021	CAKOES020003319.1	755	41688230
scaff_group_021	CAKOES020003320.1	755	41688985
scaff_group_021	CAKOES020003321.1	755	41689740
scaff_group_021	CAKOES020003322.1	755	41690495
scaff_group_021	CAKOES020003323.1	755	41691250
scaff_group_021	CAKOES020003324.1	753	41692003
scaff_group_021	CAKOES020003325.1	753	41692756
scaff_group_021	CAKOES020003326.1	753	41693509
scaff_group_021	CAKOES020003327.1	752	41694261
scaff_group_021	CAKOES020003328.1	751	41695012
scaff_group_021	CAKOES020003329.1	750	41695762
scaff_group_021	CAKOES020003330.1	749	41696511
scaff_group_021	CAKOES020003331.1	748	41697259
scaff_group_021	CAKOES020003332.1	748	41698007
scaff_group_021	CAKOES020003333.1	747	41698754
scaff_group_021	CAKOES020003334.1	747	41699501
scaff_group_021	CAKOES020003335.1	747	41700248
scaff_group_021	CAKOES020003336.1	746	41700994
scaff_group_021	CAKOES020003337.1	745	41701739
scaff_group_021	CAKOES020003338.1	745	41702484
scaff_group_021	CAKOES020003339.1	745	41703229
scaff_group_021	CAKOES020003340.1	745	41703974
scaff_group_021	CAKOES020003341.1	744	41704718
scaff_group_021	CAKOES020003342.1	744	41705462
scaff_group_021	CAKOES020003343.1	744	41706206
scaff_group_021	CAKOES020003344.1	743	41706949
scaff_group_021	CAKOES020003345.1	741	41707690
scaff_group_021	CAKOES020003346.1	741	41708431
scaff_group_021	CAKOES020003347.1	740	41709171
scaff_group_021	CAKOES020003348.1	739	41709910
scaff_group_021	CAKOES020003349.1	738	41710648
scaff_group_021	CAKOES020003350.1	738	41711386
scaff_group_021	CAKOES020003351.1	736	41712122
scaff_group_021	CAKOES020003352.1	735	41712857
scaff_group_021	CAKOES020003353.1	734	41713591
scaff_group_021	CAKOES020003354.1	734	41714325
scaff_group_021	CAKOES020003355.1	734	41715059
scaff_group_021	CAKOES020003356.1	734	41715793
scaff_group_021	CAKOES020003357.1	734	41716527
scaff_group_021	CAKOES020003358.1	731	41717258
scaff_group_021	CAKOES020003359.1	731	41717989
scaff_group_021	CAKOES020003360.1	731	41718720
scaff_group_021	CAKOES020003361.1	730	41719450
scaff_group_021	CAKOES020003362.1	730	41720180
scaff_group_021	CAKOES020003363.1	728	41720908
scaff_group_021	CAKOES020003364.1	727	41721635
scaff_group_021	CAKOES020003365.1	727	41722362
scaff_group_021	CAKOES020003366.1	727	41723089
scaff_group_021	CAKOES020003367.1	725	41723814
scaff_group_021	CAKOES020003368.1	725	41724539
scaff_group_021	CAKOES020003369.1	725	41725264
scaff_group_021	CAKOES020003370.1	725	41725989
scaff_group_021	CAKOES020003371.1	725	41726714
scaff_group_021	CAKOES020003372.1	724	41727438
scaff_group_021	CAKOES020003373.1	724	41728162
scaff_group_021	CAKOES020003374.1	724	41728886
scaff_group_021	CAKOES020003375.1	723	41729609
scaff_group_021	CAKOES020003376.1	722	41730331
scaff_group_021	CAKOES020003377.1	722	41731053
scaff_group_021	CAKOES020003378.1	722	41731775
scaff_group_021	CAKOES020003379.1	719	41732494
scaff_group_021	CAKOES020003380.1	718	41733212
scaff_group_021	CAKOES020003381.1	714	41733926
scaff_group_021	CAKOES020003382.1	710	41734636
scaff_group_021	CAKOES020003383.1	710	41735346
scaff_group_021	CAKOES020003384.1	708	41736054
scaff_group_021	CAKOES020003385.1	708	41736762
scaff_group_021	CAKOES020003386.1	708	41737470
scaff_group_021	CAKOES020003387.1	702	41738172
scaff_group_021	CAKOES020003388.1	701	41738873
scaff_group_021	CAKOES020003389.1	700	41739573
scaff_group_021	CAKOES020003390.1	699	41740272
scaff_group_021	CAKOES020003391.1	699	41740971
scaff_group_021	CAKOES020003392.1	697	41741668
scaff_group_021	CAKOES020003393.1	696	41742364
scaff_group_021	CAKOES020003394.1	695	41743059
scaff_group_021	CAKOES020003395.1	693	41743752
scaff_group_021	CAKOES020003396.1	692	41744444
scaff_group_021	CAKOES020003397.1	692	41745136
scaff_group_021	CAKOES020003398.1	691	41745827
scaff_group_021	CAKOES020003399.1	690	41746517
scaff_group_021	CAKOES020003400.1	688	41747205
scaff_group_021	CAKOES020003401.1	687	41747892
scaff_group_021	CAKOES020003402.1	687	41748579
scaff_group_021	CAKOES020003403.1	687	41749266
scaff_group_021	CAKOES020003404.1	686	41749952
scaff_group_021	CAKOES020003405.1	686	41750638
scaff_group_021	CAKOES020003406.1	685	41751323
scaff_group_021	CAKOES020003407.1	683	41752006
scaff_group_021	CAKOES020003408.1	682	41752688
scaff_group_021	CAKOES020003409.1	682	41753370
scaff_group_021	CAKOES020003410.1	681	41754051
scaff_group_021	CAKOES020003411.1	681	41754732
scaff_group_021	CAKOES020003412.1	681	41755413
scaff_group_021	CAKOES020003413.1	681	41756094
scaff_group_021	CAKOES020003414.1	680	41756774
scaff_group_021	CAKOES020003415.1	679	41757453
scaff_group_021	CAKOES020003416.1	679	41758132
scaff_group_021	CAKOES020003417.1	678	41758810
scaff_group_021	CAKOES020003418.1	675	41759485
scaff_group_021	CAKOES020003419.1	675	41760160
scaff_group_021	CAKOES020003420.1	675	41760835
scaff_group_021	CAKOES020003421.1	675	41761510
scaff_group_021	CAKOES020003422.1	673	41762183
scaff_group_021	CAKOES020003423.1	671	41762854
scaff_group_021	CAKOES020003424.1	667	41763521
scaff_group_021	CAKOES020003425.1	667	41764188
scaff_group_021	CAKOES020003426.1	666	41764854
scaff_group_021	CAKOES020003427.1	666	41765520
scaff_group_021	CAKOES020003428.1	666	41766186
scaff_group_021	CAKOES020003429.1	665	41766851
scaff_group_021	CAKOES020003430.1	664	41767515
scaff_group_021	CAKOES020003431.1	664	41768179
scaff_group_021	CAKOES020003432.1	663	41768842
scaff_group_021	CAKOES020003433.1	662	41769504
scaff_group_021	CAKOES020003434.1	660	41770164
scaff_group_021	CAKOES020003435.1	660	41770824
scaff_group_021	CAKOES020003436.1	660	41771484
scaff_group_021	CAKOES020003437.1	659	41772143
scaff_group_021	CAKOES020003438.1	657	41772800
scaff_group_021	CAKOES020003439.1	657	41773457
scaff_group_021	CAKOES020003440.1	657	41774114
scaff_group_021	CAKOES020003441.1	657	41774771
scaff_group_021	CAKOES020003442.1	654	41775425
scaff_group_021	CAKOES020003443.1	653	41776078
scaff_group_021	CAKOES020003444.1	651	41776729
scaff_group_021	CAKOES020003445.1	649	41777378
scaff_group_021	CAKOES020003446.1	647	41778025
scaff_group_021	CAKOES020003447.1	645	41778670
scaff_group_021	CAKOES020003448.1	644	41779314
scaff_group_021	CAKOES020003449.1	643	41779957
scaff_group_021	CAKOES020003450.1	641	41780598
scaff_group_021	CAKOES020003451.1	639	41781237
scaff_group_021	CAKOES020003452.1	639	41781876
scaff_group_021	CAKOES020003453.1	638	41782514
scaff_group_021	CAKOES020003454.1	637	41783151
scaff_group_021	CAKOES020003455.1	636	41783787
scaff_group_021	CAKOES020003456.1	634	41784421
scaff_group_021	CAKOES020003457.1	632	41785053
scaff_group_021	CAKOES020003458.1	631	41785684
scaff_group_021	CAKOES020003459.1	631	41786315
scaff_group_021	CAKOES020003460.1	630	41786945
scaff_group_021	CAKOES020003461.1	629	41787574
scaff_group_021	CAKOES020003462.1	629	41788203
scaff_group_021	CAKOES020003463.1	626	41788829
scaff_group_021	CAKOES020003464.1	625	41789454
scaff_group_021	CAKOES020003465.1	625	41790079
scaff_group_021	CAKOES020003466.1	622	41790701
scaff_group_021	CAKOES020003467.1	621	41791322
scaff_group_021	CAKOES020003468.1	618	41791940
scaff_group_021	CAKOES020003469.1	616	41792556
scaff_group_021	CAKOES020003470.1	612	41793168
scaff_group_021	CAKOES020003471.1	611	41793779
scaff_group_021	CAKOES020003472.1	610	41794389
scaff_group_021	CAKOES020003473.1	610	41794999
scaff_group_021	CAKOES020003474.1	607	41795606
scaff_group_021	CAKOES020003475.1	606	41796212
scaff_group_021	CAKOES020003476.1	604	41796816
scaff_group_021	CAKOES020003477.1	603	41797419
scaff_group_021	CAKOES020003478.1	602	41798021
scaff_group_021	CAKOES020003479.1	601	41798622
scaff_group_021	CAKOES020003480.1	600	41799222
scaff_group_021	CAKOES020003481.1	598	41799820
scaff_group_021	CAKOES020003482.1	598	41800418
scaff_group_021	CAKOES020003483.1	597	41801015
scaff_group_021	CAKOES020003484.1	595	41801610
scaff_group_021	CAKOES020003485.1	594	41802204
scaff_group_021	CAKOES020003486.1	592	41802796
scaff_group_021	CAKOES020003487.1	591	41803387
scaff_group_021	CAKOES020003488.1	591	41803978
scaff_group_021	CAKOES020003489.1	590	41804568
scaff_group_021	CAKOES020003490.1	589	41805157
scaff_group_021	CAKOES020003491.1	584	41805741
scaff_group_021	CAKOES020003492.1	581	41806322
scaff_group_021	CAKOES020003493.1	581	41806903
scaff_group_021	CAKOES020003494.1	581	41807484
scaff_group_021	CAKOES020003495.1	580	41808064
scaff_group_021	CAKOES020003496.1	579	41808643
scaff_group_021	CAKOES020003497.1	579	41809222
scaff_group_021	CAKOES020003498.1	578	41809800
scaff_group_021	CAKOES020003499.1	578	41810378
scaff_group_021	CAKOES020003500.1	574	41810952
scaff_group_021	CAKOES020003501.1	574	41811526
scaff_group_021	CAKOES020003502.1	573	41812099
scaff_group_021	CAKOES020003503.1	572	41812671
scaff_group_021	CAKOES020003504.1	571	41813242
scaff_group_021	CAKOES020003505.1	571	41813813
scaff_group_021	CAKOES020003506.1	566	41814379
scaff_group_021	CAKOES020003507.1	564	41814943
scaff_group_021	CAKOES020003508.1	557	41815500
scaff_group_021	CAKOES020003509.1	556	41816056
scaff_group_021	CAKOES020003510.1	553	41816609
scaff_group_021	CAKOES020003511.1	549	41817158
scaff_group_021	CAKOES020003512.1	548	41817706
scaff_group_021	CAKOES020003513.1	545	41818251
scaff_group_021	CAKOES020003514.1	541	41818792
scaff_group_021	CAKOES020003515.1	536	41819328
scaff_group_021	CAKOES020003516.1	531	41819859
scaff_group_021	CAKOES020003517.1	512	41820371
scaff_group_021	CAKOES020003518.1	451	41820822
scaff_group_021	CAKOES020003519.1	437	41821259
scaff_group_021	CAKOES020003520.1	414	41821673
scaff_group_021	CAKOES020003521.1	314	41821987
scaff_group_021	CAKOES020003522.1	301	41822288
scaff_group_021	CAKOES020003523.1	297	41822585
scaff_group_021	CAKOES020003524.1	296	41822881
scaff_group_021	CAKOES020003525.1	292	41823173
scaff_group_021	CAKOES020003526.1	291	41823464
scaff_group_021	CAKOES020003527.1	289	41823753
scaff_group_021	CAKOES020003528.1	286	41824039
scaff_group_021	CAKOES020003529.1	285	41824324
scaff_group_021	CAKOES020003530.1	284	41824608
scaff_group_021	CAKOES020003531.1	276	41824884
scaff_group_021	CAKOES020003532.1	257	41825141
scaff_group_021	CAKOES020003533.1	255	41825396
scaff_group_021	CAKOES020003534.1	246	41825642
scaff_group_021	CAKOES020003535.1	245	41825887
scaff_group_021	CAKOES020003536.1	241	41826128
scaff_group_021	CAKOES020003537.1	240	41826368
scaff_group_021	CAKOES020003538.1	232	41826600
scaff_group_021	CAKOES020003539.1	226	41826826
scaff_group_021	CAKOES020003540.1	225	41827051
scaff_group_021	CAKOES020003541.1	223	41827274
scaff_group_021	CAKOES020003542.1	222	41827496
scaff_group_021	CAKOES020003543.1	221	41827717
scaff_group_021	CAKOES020003544.1	219	41827936
scaff_group_021	CAKOES020003545.1	219	41828155
scaff_group_021	CAKOES020003546.1	218	41828373
scaff_group_021	CAKOES020003547.1	215	41828588
scaff_group_021	CAKOES020003548.1	215	41828803
scaff_group_021	CAKOES020003549.1	215	41829018
scaff_group_021	CAKOES020003550.1	212	41829230
scaff_group_021	CAKOES020003551.1	212	41829442
scaff_group_021	CAKOES020003552.1	209	41829651
scaff_group_021	CAKOES020003553.1	209	41829860
scaff_group_021	CAKOES020003554.1	207	41830067
scaff_group_021	CAKOES020003555.1	207	41830274
scaff_group_021	CAKOES020003556.1	205	41830479
scaff_group_021	CAKOES020003557.1	204	41830683
scaff_group_021	CAKOES020003558.1	203	41830886
scaff_group_021	CAKOES020003559.1	202	41831088
scaff_group_021	CAKOES020003560.1	200	41831288
